1.336432603963352839e-01,2.692514790907926114e-01,4.618485637339832528e-01,6.688448875848558295e-01,7.351575970653612124e-01,3.432351643909587469e-01,4.489780969621771645e-01,5.126235238291220186e-01
1.877370736945412621e-01,2.838295137356188769e-01,6.017304595803405487e-01,7.266266356284126759e-01,3.608672397894943096e-01,6.966376774656943827e-01,5.967526897314104906e-01,3.242186027317749408e-01
2.908181682682918212e-01,3.487438414675660403e-01,8.077155913535735143e-01,5.433541618935554540e-01,7.019654342984023021e-01,3.293741887384699085e-01,7.220621791257408884e-01,1.635023175060862644e-01
4.090631858594107606e-01,3.382061559234319503e-01,9.454564197777540757e-01,4.947747333053301722e-01,2.731339339910209274e-01,3.109190499082849501e-01,9.548965114234456708e-01,6.985781068874746813e-01
5.294738469580778650e-01,3.312555628762195448e-01,9.966650590960319800e-01,5.416443670051587223e-01,5.002014346654604093e-01,1.981295228405976772e-01,1.610100349036110434e-01,7.116300597996871868e-01
5.527195953011805329e-01,3.417568641604119550e-01,9.956522952572464114e-01,8.150743534783246869e-01,4.775150246912085450e-01,8.710595315567387642e-01,5.453251838912397398e-01,2.079422855599619424e-01
7.974925559383807538e-01,3.335931390102572225e-01,7.954340880935288904e-01,2.127636747939505579e-01,8.728702777507740818e-01,4.658776057797232584e-01,8.302935974606936442e-01,4.186262989901820553e-01
8.648037885859451990e-01,2.790304227442600427e-01,6.674687016812177465e-01,3.220228021415212916e-01,6.623208725986917678e-02,4.223846446931673326e-01,6.271971311008031069e-01,6.432399563889080740e-01
9.206621457986308155e-01,2.189668091561235708e-01,5.305745853316863325e-01,3.258442587684987068e-01,6.168949309949292026e-01,4.082660154704024214e-01,4.345705002254959259e-01,4.989431715647676402e-01
9.571847971830486079e-01,2.413706119478372658e-01,4.344871844935904726e-01,4.464312152644711040e-01,2.368252663218636533e-01,5.254892125171310990e-01,5.649147510454478605e-01,4.192507896475545226e-01
9.856878478860918724e-01,2.829630840128249392e-01,3.533507142381789867e-01,4.485885397064785507e-01,4.826698540665764203e-01,3.472843330477412560e-01,5.286335681042649837e-01,3.500636898908967010e-01
9.886469771032031506e-01,3.487749239624496900e-01,3.495093548783931858e-01,5.681143878325242147e-01,2.752323940753438891e-01,3.402718519875809200e-01,6.135491436425853928e-01,3.341715490435437919e-01
9.742935247491552042e-01,4.555470030322091302e-01,3.972108352548401888e-01,6.834214563323409708e-01,4.303223573490288500e-01,2.263716650899049998e-01,5.866834181575388829e-01,3.403806489753825049e-01
9.510361245181279122e-01,5.416576306154003984e-01,4.628981082088128307e-01,7.060986657246037801e-01,5.152637579553757119e-01,3.123470229563663492e-01,6.545067086947711221e-01,4.071565492063455305e-01
9.328810743761326574e-01,5.476374954603704381e-01,5.125659579123910126e-01,5.660745024462900954e-01,6.418095001327940308e-01,4.285269531884117744e-01,6.872808405723530578e-01,5.236787324844948133e-01
9.144113913810041350e-01,5.454530635776743130e-01,5.604907529489490114e-01,4.946285485547439742e-01,4.290802131772459282e-01,5.038049439645967409e-01,5.972715709845999310e-01,5.564294641416722698e-01
8.912352215201518879e-01,5.450761480316029806e-01,6.163843340279411276e-01,4.649844247735385183e-01,4.397257142352842263e-01,4.570161920854140525e-01,4.808281028774730181e-01,4.505340713873776659e-01
8.530766925525475886e-01,5.521338997718129304e-01,6.984376374652097041e-01,5.172216831253487745e-01,3.628759723477203991e-01,4.471633581516146205e-01,5.428062259100354670e-01,3.466399104915998119e-01
8.108852811203962618e-01,6.048017206617988251e-01,7.731331743294604930e-01,5.914056234219069452e-01,3.744114220996729858e-01,3.036247942822937196e-01,5.756020320475917496e-01,2.746915041728375528e-01
7.594561302815947545e-01,6.476665843453078830e-01,8.474237819570689112e-01,6.427464666284008477e-01,4.755089531805605785e-01,2.662780113472312249e-01,6.982751249849779018e-01,3.501542941582686530e-01
7.123750877806562798e-01,6.851629061580849500e-01,8.994763045743189300e-01,6.476864477831377753e-01,5.136363532254488717e-01,3.041125047091423617e-01,6.778475886852486365e-01,5.200958164019419128e-01
6.575882443156041424e-01,7.217248489058533112e-01,9.424797150858574835e-01,6.464181153903478805e-01,5.309847240508092092e-01,4.414711511932292720e-01,5.637573494000043262e-01,5.413430381658158597e-01
5.830125997134116833e-01,7.952444796453629339e-01,9.665734172242229638e-01,6.328076876651170801e-01,4.891559012521234928e-01,5.232566898282073886e-01,5.372955101258672928e-01,4.248443853850377705e-01
5.241704167314772400e-01,7.979217787218751967e-01,9.707875855023838652e-01,4.796098087518747555e-01,5.756808710016868558e-01,4.875854489575025541e-01,6.304431507609178365e-01,4.098428069791309469e-01
4.585846490144861454e-01,7.574962838160569367e-01,9.581058558168864536e-01,4.334170825086904877e-01,3.489697604626875171e-01,4.212038721881377623e-01,6.126857695496149558e-01,4.547806033487945543e-01
3.924453139810637481e-01,6.985752149073917172e-01,9.203588461869732784e-01,4.539028581112613536e-01,4.370858193811403281e-01,3.647693039288217864e-01,5.467489673524504878e-01,4.320510502888402216e-01
3.475420477528872176e-01,6.476794955720011071e-01,8.792666437916730748e-01,4.798438702387599064e-01,4.002597967262147005e-01,4.041675944196240211e-01,5.795266832814152114e-01,4.431350172191889647e-01
3.123243059401705768e-01,6.118729903675096393e-01,8.367061101526032108e-01,5.056514557383953168e-01,4.387212344420262089e-01,3.920785452777592051e-01,5.497737177565301669e-01,4.101650370401216938e-01
2.870061570155989505e-01,5.932421583523140862e-01,8.000542097778821082e-01,5.252245948099559802e-01,4.222504591355163983e-01,3.964003086463099845e-01,6.122668190674909194e-01,3.643541714519158425e-01
2.794003154907779840e-01,5.714479301419567170e-01,7.892300545309086646e-01,4.980487650167226832e-01,4.708378088153882257e-01,3.410717341956894244e-01,6.554732100584527155e-01,4.542987396477619066e-01
2.832782881555292454e-01,5.317911290943689862e-01,7.975420450792040095e-01,5.074097691100899477e-01,4.257688641230023552e-01,3.861350293468589490e-01,5.681256205473139698e-01,5.289001678631661818e-01
2.840258772073499527e-01,5.150044867709796526e-01,7.993107563615055033e-01,5.490740321878818664e-01,4.474698289522815453e-01,4.556363130533971351e-01,5.021732284967947990e-01,4.119759962391794095e-01
3.090207481382621357e-01,5.012443721373737171e-01,8.378292207200787045e-01,5.044109064143293963e-01,4.939746405512595584e-01,4.718917904267757035e-01,6.444205500922228769e-01,3.762760185759977949e-01
3.339445112215190803e-01,5.093817143367844746e-01,8.716408070252793516e-01,5.009990382268518783e-01,3.332313400049172758e-01,3.254904905763241207e-01,5.863360888850978059e-01,4.226062513175362634e-01
3.417706443803211203e-01,4.882942697929847364e-01,8.817605513043579313e-01,5.747315716399951091e-01,4.778883363555488928e-01,3.388550201768000814e-01,5.779880814749405182e-01,3.954247056777283054e-01
3.675679821389985502e-01,4.975656838502374724e-01,9.108159296024580520e-01,5.944629916042245554e-01,4.632629003349320040e-01,3.943416804224450511e-01,6.515714488546618943e-01,4.443039172747392795e-01
3.970646509532523849e-01,5.168470177132954424e-01,9.386910961927502628e-01,5.850236701548849894e-01,4.975455696805111683e-01,3.908743831431061855e-01,5.838150099043767360e-01,4.822351758607673622e-01
4.175212299235552815e-01,5.386665494621052375e-01,9.543288851394777783e-01,5.929527507394001251e-01,4.655554842989474418e-01,4.577862448147547725e-01,5.756184623436664261e-01,4.267709630431785195e-01
4.440341789884661439e-01,5.546321849764611622e-01,9.712315946444969317e-01,5.393371531127729712e-01,5.137374440378534857e-01,4.390472912897273039e-01,6.242414659610449057e-01,4.286565130798143941e-01
4.508009954043810663e-01,5.763410284553518448e-01,9.738923848817824247e-01,5.497583807854516946e-01,3.766084962221361021e-01,3.959352927606583084e-01,5.782290785639525588e-01,4.433453335526091887e-01
4.555546121226797252e-01,5.695917742038322240e-01,9.767729453679694362e-01,5.457763323414573930e-01,5.216137138098713155e-01,3.878424086552533234e-01,5.712097579281658621e-01,3.996637930531397598e-01
4.568373061517566613e-01,5.744091592650015787e-01,9.770770398732265827e-01,5.617363737591696271e-01,4.138207597543442362e-01,4.294777740466554361e-01,6.533744364062429311e-01,4.354069175592277241e-01
4.659088282639858303e-01,5.845351386241866010e-01,9.808451695203811438e-01,5.374368628442084406e-01,4.897734684294645091e-01,3.551352166425859047e-01,5.624193108095352223e-01,4.554340314346150276e-01
4.665851909983217416e-01,5.715775138688679036e-01,9.818568185016545158e-01,5.563033541959997441e-01,4.518624924778300578e-01,4.507959014855337787e-01,6.037538723860524925e-01,4.424299275192822845e-01
4.672725898345163054e-01,5.902682006436703599e-01,9.810253997837489193e-01,5.517679144539605618e-01,4.558001093195223619e-01,4.097873105385518855e-01,5.791081155004049741e-01,4.253751862874760592e-01
4.627515613238682435e-01,6.005264831869253639e-01,9.782525451860794030e-01,5.513623720267472050e-01,4.476867953333980577e-01,3.990155524630372152e-01,5.900600992059963357e-01,4.092149890858327033e-01
4.626399842471900503e-01,5.897588182805635348e-01,9.789553619792786820e-01,5.333176168234209369e-01,4.900036696904178091e-01,4.001233624480017292e-01,6.231265802010669264e-01,4.356281614724451523e-01
4.625004635109176698e-01,5.860896083235027643e-01,9.791443897346687741e-01,5.387419108906530418e-01,4.264840829846108239e-01,4.081166540100750750e-01,5.998438009710763685e-01,4.619380601596945191e-01
4.684167964706689169e-01,5.784428018617173706e-01,9.823205266537373692e-01,5.280798819578375047e-01,4.832556355828665495e-01,4.074220924501872898e-01,5.644968643400272157e-01,4.435457503015596825e-01
4.789962296921539409e-01,5.602294963994550736e-01,9.876035869100776576e-01,5.207969212526338820e-01,4.536068937707402604e-01,4.538110962227900891e-01,6.054942776752946232e-01,4.451974202554265791e-01
4.741932299907354875e-01,5.863376651268851214e-01,9.842557552377168006e-01,5.593001248841531492e-01,3.798376544710999614e-01,3.817103933223361945e-01,5.426473937781796097e-01,3.901908501073509394e-01
4.682340506226673749e-01,5.878983525349330552e-01,9.815955435524367223e-01,5.625722667761312579e-01,5.141695758541314776e-01,3.772837994821018337e-01,6.261312587095765325e-01,3.765222953114936710e-01
4.639892915722813038e-01,5.993968602220778319e-01,9.788670132935549661e-01,5.672842787976797307e-01,4.239806391948499065e-01,3.716219117265016636e-01,6.486661215242743861e-01,4.628038036495997209e-01
4.594414421700669382e-01,5.987767256855859310e-01,9.767098195986972931e-01,5.633711775651332188e-01,5.119924090815550777e-01,3.873612950007053191e-01,5.708202503306607500e-01,4.728030347131901845e-01
4.586997499267230771e-01,5.982921637949669691e-01,9.763302889351633818e-01,5.510387631275797116e-01,4.669830661698635144e-01,4.727432528057843864e-01,6.012494522358806659e-01,4.595638872448084555e-01
4.649409307292048377e-01,5.959327822445753542e-01,9.795566219242365369e-01,5.051051611490948723e-01,4.771893030131273417e-01,4.425922013019305545e-01,5.724129406823437183e-01,4.531837086094236966e-01
4.460765810051442459e-01,6.110871309558500997e-01,9.688019137354744181e-01,5.477669047222155640e-01,3.582357426738345119e-01,4.099016157425846019e-01,5.446664422424505325e-01,3.758168713520786408e-01
4.343641284793109958e-01,6.015358873435679987e-01,9.624388907397578574e-01,5.323787588173013452e-01,5.282276263852396792e-01,3.673848388730129311e-01,6.340036969678463086e-01,3.719125653293176015e-01
4.282378077242375847e-01,5.960058371619991746e-01,9.588040327057696377e-01,5.413778548927781209e-01,3.909024375489488223e-01,3.668197702631640911e-01,6.504274556061718782e-01,4.766981711530260957e-01
4.174577008105525566e-01,5.914116128232173031e-01,9.514058304874357663e-01,5.631407472747532728e-01,4.982403607749427144e-01,3.696812002251083640e-01,5.413051297681397145e-01,4.640318709818193055e-01
4.173993105339933174e-01,5.833786713947234359e-01,9.517984922402170644e-01,5.533120577313654920e-01,4.837566256954147770e-01,4.853501230856025472e-01,6.171191085296224843e-01,4.497840820373867898e-01
4.223896262582412242e-01,5.957798333956727532e-01,9.547505587439897301e-01,5.155883197800174012e-01,4.433084796435121100e-01,4.201203174816470765e-01,5.633124552654273920e-01,4.422203639307358269e-01
4.065914563278281713e-01,5.976545716450185619e-01,9.425783447684534799e-01,5.445448097592714420e-01,4.130327267900439359e-01,4.094606125959163734e-01,5.696829070848352661e-01,3.766405617946191886e-01
3.945071914359433718e-01,6.003502940710091496e-01,9.321232030923733980e-01,5.410100280276041174e-01,4.713192713940826395e-01,3.613189824127963634e-01,6.332900027801837695e-01,3.936456254919365461e-01
3.518057702817652399e-01,6.331316172078971238e-01,8.855595968657664629e-01,6.124978689242245311e-01,3.707267179843367622e-01,3.316679728346127454e-01,5.993066239889791591e-01,4.365847733312235301e-01
3.238598741839992523e-01,6.358727720744480338e-01,8.502375797701794413e-01,5.862031507613139070e-01,6.016650421203900700e-01,3.692439048535144375e-01,5.931836172989211065e-01,4.327077436189782911e-01
2.999424779861082357e-01,6.329467805811052061e-01,8.164051973821555563e-01,5.541406316001368237e-01,4.492949392920237428e-01,4.904292924477107740e-01,6.769358051027777323e-01,5.000454049901431608e-01
2.687341963778122067e-01,6.524637653070117782e-01,7.643185093443217726e-01,5.068407779035967176e-01,4.553164777632824345e-01,3.971790136572038166e-01,5.066704603437762744e-01,4.765686286932695470e-01
2.332516413258696186e-01,6.217155202082578214e-01,7.016739991833428336e-01,4.927685491273104956e-01,4.477356566501463631e-01,4.702259601084064489e-01,5.647678968583038639e-01,4.008470776585647544e-01
2.060244130847810051e-01,5.900684169367770293e-01,6.476657521905652137e-01,4.603636667054617493e-01,4.242667136474883582e-01,4.090421479076434830e-01,6.063211194373150370e-01,4.013598311660832585e-01
1.848450273036353064e-01,5.537899511833301869e-01,6.020316342243008378e-01,4.696383535364375139e-01,3.692981803270885544e-01,3.345880950522789887e-01,5.775776556197012024e-01,3.917347307866223538e-01
1.675670090040209115e-01,5.065279920030861804e-01,5.620628323758005696e-01,5.065854117326986650e-01,4.422890580822326223e-01,3.329653458128314925e-01,6.193351213095057428e-01,4.252514222776825337e-01
1.639506213057367323e-01,4.730009011998095314e-01,5.535363493597379447e-01,5.309907605132775377e-01,4.247990549915395819e-01,3.716426052951128378e-01,5.882890215260011546e-01,4.937912907772685212e-01
1.643525460233991875e-01,4.593355122431073689e-01,5.545995003355259634e-01,5.597568360655167385e-01,4.492990253006760581e-01,4.049971998161884246e-01,5.078806524861240179e-01,4.010855905828839552e-01
1.712296166526748598e-01,4.468302078009760980e-01,5.716544471087119383e-01,5.533103625902979772e-01,4.872456261370446406e-01,4.604350145933457927e-01,6.758526768756335512e-01,3.675037991268032544e-01
1.929629537038030085e-01,4.622278659988095506e-01,6.236297493797869906e-01,5.074193642153400630e-01,3.767424811498949477e-01,2.935018794978688783e-01,5.995136439287597208e-01,4.616158824905854385e-01
2.013925030532409677e-01,4.282099864797331290e-01,6.422712064207328764e-01,5.810738316152459504e-01,4.706624024976014953e-01,3.673716941162128991e-01,5.517718775751773164e-01,4.393751885219394637e-01
2.246203032748051720e-01,4.306699937391959554e-01,6.916785863183085858e-01,5.970028965770834972e-01,4.799079411510059345e-01,4.495832784947523253e-01,6.250186271480884237e-01,4.136201795936830239e-01
2.385959352904696851e-01,4.790658867899652007e-01,7.196261182516815458e-01,6.013956956560823075e-01,4.170037517924601866e-01,3.604193158866623725e-01,5.825563406120353172e-01,4.115251822612765453e-01
2.371325901453837093e-01,5.046269804193211916e-01,7.161332945390459503e-01,6.235573496944549765e-01,5.038770656063992215e-01,3.675213199904988626e-01,6.063255787386774287e-01,3.935273186126558853e-01
2.236372205984653028e-01,5.469750898155304464e-01,6.874288254860685399e-01,6.329005961276715775e-01,4.657567089857074794e-01,3.786936636969095438e-01,6.517835543272331167e-01,4.255092838882194028e-01
2.307255180796699279e-01,5.486318055383290204e-01,7.017232124812332605e-01,5.489320971522511083e-01,5.872864601172698151e-01,4.038405893158921178e-01,6.440917985401762857e-01,5.142805654734431409e-01
2.441572384606580104e-01,5.331313404558823965e-01,7.286382612174827633e-01,5.039642011433388413e-01,4.175720108005359088e-01,4.917790385276957221e-01,5.651121556290756853e-01,5.400358729197717311e-01
2.314306080765577422e-01,5.365002811029222496e-01,7.038563126004049320e-01,5.180150150248911123e-01,4.223630757842559702e-01,4.769382061312957277e-01,4.768866471828928644e-01,3.995485988992191206e-01
2.163724623264887958e-01,5.461220933496249152e-01,6.726848244806027388e-01,5.106290351486103551e-01,3.949739815467078197e-01,4.050354256221637694e-01,5.726105328882641343e-01,2.888591343625978025e-01
1.867134985290488103e-01,5.421393632840296739e-01,6.069923793204962115e-01,5.436690018417122960e-01,4.006220810327900672e-01,2.683905797577508245e-01,6.691558331935848480e-01,3.233299516252551298e-01
1.631509176836589414e-01,5.256363241237956840e-01,5.501037471509979682e-01,5.821081467316985281e-01,4.618452771673038915e-01,2.421431706328446010e-01,6.889579745578940928e-01,4.550884355608743048e-01
1.322012985104784044e-01,5.307947691640281240e-01,4.667915410827545575e-01,6.289487169838362535e-01,4.812969973902891940e-01,3.334892250288038484e-01,5.982648311407585684e-01,5.712175501597277494e-01
1.015066342082288908e-01,5.354355639886855256e-01,3.754850255507802270e-01,6.077377068380815928e-01,5.763312454243225691e-01,5.345297869579880290e-01,5.172197768678910013e-01,5.424233575995563994e-01
9.221469590939776473e-02,5.403951218173959070e-01,3.462198657197293472e-01,4.670757285311829543e-01,4.898029749019326973e-01,5.994523849910449176e-01,5.241380113467808410e-01,3.722969918828565872e-01
7.381320469813838769e-02,5.107754419392610545e-01,2.870274402048649254e-01,3.792211651672014461e-01,3.461618415155482964e-01,4.497567233209268656e-01,6.615897962707683044e-01,3.158045231939282105e-01
7.577430906480464579e-02,4.404256687642659207e-01,2.946255199884632581e-01,3.432891640779928699e-01,2.967784168709297066e-01,1.789440815711927923e-01,5.727240044650411255e-01,4.303360878779020626e-01
3.210702151802881377e-02,3.714032753141013887e-01,1.345125964969525190e-01,6.014102366418127010e-01,2.582461266408273559e-01,2.388557527171666084e-01,4.879714575422922640e-01,3.872612239241244869e-01
1.482004015074085343e-02,3.325654225706554667e-01,6.224704726160189966e-02,6.569145625358611129e-01,6.558822774944140788e-01,3.526236010796840459e-01,6.429209492531515746e-01,3.146586227305455119e-01
9.692286930677532913e-03,3.472207153415542424e-01,4.238240445581335086e-02,6.231026191963363603e-01,3.731500772449847236e-01,3.485513665002304973e-01,7.743345844791458266e-01,4.623624840640702671e-01
0.000000000000000000e+00,3.329718302884472347e-01,0.000000000000000000e+00,6.072198773215465861e-01,5.984033369194440288e-01,3.043274337434742072e-01,5.842444542603235647e-01,5.986831909256944417e-01
3.586188340371352506e-02,2.802069209894570423e-01,1.406768524114956342e-01,5.258861474886851184e-01,4.855373712063870140e-01,5.824652016339235683e-01,4.865115858474777233e-01,5.971324746197379518e-01
4.767389821491834628e-02,2.526396204392080680e-01,1.818753177115582653e-01,5.407407300717935739e-01,4.093875489541055623e-01,6.645007403748778296e-01,4.338729667103038423e-01,3.473439932920169282e-01
7.364206288703815939e-02,2.691327251685327049e-01,2.763763279903913017e-01,4.768428375437201994e-01,2.738400711749421901e-01,3.701707707460756835e-01,5.424207259261313308e-01,0.000000000000000000e+00
2.717678963122810987e-01,8.753688154285414746e-02,7.418250387275705515e-01,2.505857551886535028e-01,6.789738561571042608e-01,1.224050308037749613e-01,1.000000000000000000e+00,3.793005993479118820e-01
4.578921773475488899e-01,0.000000000000000000e+00,9.267493047747674684e-01,5.501837350672036386e-01,0.000000000000000000e+00,2.453338762930752648e-01,6.573090953950349036e-01,8.564035612741622838e-01
6.291355537945354515e-01,1.003045831003598898e-01,9.435828975316725709e-01,8.486532311003075479e-01,5.516982961021141829e-01,2.697831621238677702e-01,0.000000000000000000e+00,3.399248828554869428e-01
8.499157575517273244e-01,1.018024422614675351e-01,6.701317804500305231e-01,4.854516616857108557e-01,9.837978558194161449e-01,8.341680620178602013e-01,9.563871516579781629e-01,4.240246085337312509e-01
9.922116865264121177e-01,2.241911873948901623e-01,3.245759798855345490e-01,3.432479548883275999e-01,1.496735900943044761e-01,4.126240782876643420e-01,5.733936384090123628e-01,5.620425370155500699e-01
9.911742748877454545e-01,3.100454622247846848e-01,3.382755225779985886e-01,5.833341059607229928e-01,3.041382230372489670e-01,2.943665275598704723e-01,3.978094661037862023e-01,2.698311399367132046e-01
9.979375733581427044e-01,3.469661578075338149e-01,3.191543812923433032e-01,5.270784055644439636e-01,5.791849266759678816e-01,3.656590461293410810e-01,7.059137886125299577e-01,3.986474252399187512e-01
1.000000000000000000e+00,3.583066011460580014e-01,3.131728819349521298e-01,4.845773480329587102e-01,4.247917785514731537e-01,3.842862626188712216e-01,6.029361430813794387e-01,5.128864037047153879e-01
9.930681541607470075e-01,3.637631879458042561e-01,3.361412784372543316e-01,4.858402810685098494e-01,4.741390470565962079e-01,4.435870907909701399e-01,5.761794381566325285e-01,4.251992951934561726e-01
9.800478182571288333e-01,4.646418460563144781e-01,3.798235849756869675e-01,6.016362306438008956e-01,2.517756004976240414e-01,3.568491444773682075e-01,5.518253740519627470e-01,3.853118212280847166e-01
9.567856960641730746e-01,4.915471000391858358e-01,4.489385966017112595e-01,5.556016216450700984e-01,5.958961921461590761e-01,3.208384922168716624e-01,5.583766265800886863e-01,3.887576218690288465e-01
9.369039342879953436e-01,4.684527657936406464e-01,5.045667381794751716e-01,5.131367622000951867e-01,4.625467141649734493e-01,4.621182108844036351e-01,6.825296848701339902e-01,4.416721559309263467e-01
9.296211938096220484e-01,4.714062722985667975e-01,5.240392643608332568e-01,4.753614904835874455e-01,4.507300182259939003e-01,3.971194760169677873e-01,6.091682715423006877e-01,4.826902447476622560e-01
9.167982529994203045e-01,4.765156794181710231e-01,5.570131559682200972e-01,4.913141432207815962e-01,3.928521703706217005e-01,3.988365506592849719e-01,5.333583136884869624e-01,4.769895676584156585e-01
8.876009594922189549e-01,5.054249652629707601e-01,6.263335707246328043e-01,5.740408084970822777e-01,3.979073124350820945e-01,4.098276504764485906e-01,5.095236972387846563e-01,3.707403898200896109e-01
8.671728976252297549e-01,5.444585749576081879e-01,6.696628052581805601e-01,5.840998104526110568e-01,4.691087718167422649e-01,3.810904394747565704e-01,6.183164367986788701e-01,3.104779034168180796e-01
8.299883631259871164e-01,6.265899333344273625e-01,7.371682966949260063e-01,6.485017195011973934e-01,3.665450735271968963e-01,2.840180696619326040e-01,6.581559648013796116e-01,3.643313856967378972e-01
7.675649622438248665e-01,7.033458702065545909e-01,8.294027333970156457e-01,6.976174267031677312e-01,5.246777011956724746e-01,2.711226695855207813e-01,6.209605691143543771e-01,4.405314408831305095e-01
6.946775575247499113e-01,7.724529913407397475e-01,9.041901819702879983e-01,7.010694919744041576e-01,5.401195563972227554e-01,4.099058417087338424e-01,6.233227032456249983e-01,4.796550808449901449e-01
6.189341505289717160e-01,8.181693321634971872e-01,9.494353796797418976e-01,6.122608264968171232e-01,5.966216860275714851e-01,4.982665429024651371e-01,6.303418791160277923e-01,4.871641266749794918e-01
5.469788394576947654e-01,8.341493447832616370e-01,9.648227080468223527e-01,4.938651182907052850e-01,4.706718171867450562e-01,4.955862692321048035e-01,5.935180692192822960e-01,4.919071798959585018e-01
4.541823169350615030e-01,8.052097038156715847e-01,9.477731484192553069e-01,4.536989305884305823e-01,4.289891647161004351e-01,4.552262688762664378e-01,5.370688915303929445e-01,4.527205182323436050e-01
3.687402871806485516e-01,7.555607891037859902e-01,8.889990082897828438e-01,4.491657353132723629e-01,4.033790342214121916e-01,4.296562204506398919e-01,5.469957668498098835e-01,3.898973086950494604e-01
3.182395710175693893e-01,6.792589580849421882e-01,8.380965901581763910e-01,4.205873561777512259e-01,4.474528908066118804e-01,3.860384369207515709e-01,6.108672170408462332e-01,3.905912298007206962e-01
2.907413799767206153e-01,6.025918227010235162e-01,8.052036032035639890e-01,4.343944201086602508e-01,3.797824248103032208e-01,3.704001959485746509e-01,6.259877224233286741e-01,4.612306727132687301e-01
2.708901760941132553e-01,5.590119931601571501e-01,7.757700318853341104e-01,4.873949632496481499e-01,3.868348512648054349e-01,3.420605145220289023e-01,5.204209700175572717e-01,4.544744273012761848e-01
2.647091389370587189e-01,5.153131479665733483e-01,7.669424523874774913e-01,5.263228847902099439e-01,4.703238433419045239e-01,4.286663289859811710e-01,5.717774349390264410e-01,4.109680513987551409e-01
2.684165444830045044e-01,5.147635628158623300e-01,7.734493530015210672e-01,5.390784009535085630e-01,4.018824943522625870e-01,3.989208609799713701e-01,5.939487408359300780e-01,3.823727069875494933e-01
2.836179325046529476e-01,5.027989443790419344e-01,7.991549723318918108e-01,5.299178365434986659e-01,4.809259515311382072e-01,3.493236463318538099e-01,6.318785380537969010e-01,3.943752218378038799e-01
3.034007635138071257e-01,4.923485276924547405e-01,8.298973934466947755e-01,5.481490381549034563e-01,4.178597397161284421e-01,3.603924512742054387e-01,6.382231072820342410e-01,4.895896758438168517e-01
3.163622905990091105e-01,4.980832426095567755e-01,8.482398072730831240e-01,5.892939348919296050e-01,4.673279250567219933e-01,3.879149091635470392e-01,5.204881705017304627e-01,4.767094162334776786e-01
3.247311526917719404e-01,5.221191539087440825e-01,8.588091879874052426e-01,6.126065853851829779e-01,4.810368031285884860e-01,4.751471125586270161e-01,5.734323122946285434e-01,3.701506621853475343e-01
3.751897895454469056e-01,5.142781394084035007e-01,9.182314634198928127e-01,4.894408060650513592e-01,5.664372817096736679e-01,4.385234460523312894e-01,6.930922158651002807e-01,4.295516411370191023e-01
4.147938628792096627e-01,5.042681301032324592e-01,9.536610293975530395e-01,4.916440301711965111e-01,3.193244374279353148e-01,3.828999392015423053e-01,5.904719868699623841e-01,5.073751120497208555e-01
4.407064826495192267e-01,4.870935673082164574e-01,9.716201893906362130e-01,5.405364712467580768e-01,4.921645441877496308e-01,3.899204018715110021e-01,5.017644929680403765e-01,4.285683165377838777e-01
4.446793178541928460e-01,5.292095842670145878e-01,9.726031386609492735e-01,6.313549037724145441e-01,3.543051764563360240e-01,4.372656382742928227e-01,5.822499302108027353e-01,3.576988317685480534e-01
4.962175272070575294e-01,5.202504469445676794e-01,9.947699846900163179e-01,5.191626478627898722e-01,6.523951720432934476e-01,3.645279837315956173e-01,6.495785096570925177e-01,3.882353304778369263e-01
4.958710518055821082e-01,5.627086387919530974e-01,9.926782935278662956e-01,6.260507547212422752e-01,2.271525625065821952e-01,3.901444167140919461e-01,6.639246029354329837e-01,4.447170440227818933e-01
5.011285433132429690e-01,5.936937045072181451e-01,9.920501044714956640e-01,5.901691553961331271e-01,6.687753692194395860e-01,2.956151721477972560e-01,5.501140447138508360e-01,4.670296459647169662e-01
5.024787269387426258e-01,5.971008588463261324e-01,9.920074268311398491e-01,5.959697027747964393e-01,4.008487030769574688e-01,5.231765153223135734e-01,6.260066295534204572e-01,5.158185414671222491e-01
5.016465621952006515e-01,6.142529086540984284e-01,9.906961197474190017e-01,5.437874812257303958e-01,5.674337067402303036e-01,4.598944133738998019e-01,5.229448072503416478e-01,4.009178793466302015e-01
4.920642035780782297e-01,6.394107189850316564e-01,9.860811518416692234e-01,5.279152815988793490e-01,3.525345291999708586e-01,4.553052627096800253e-01,6.547117979846429625e-01,3.667922316884296707e-01
4.822999755969136215e-01,6.231743694584043203e-01,9.844820807455992862e-01,4.787559682917209014e-01,5.130697395447263442e-01,3.002678198404634125e-01,5.988345225053012255e-01,4.766741387219423642e-01
4.693633824724732229e-01,5.754264718084808328e-01,9.828715851528093683e-01,5.367159674340783448e-01,3.911535255850482895e-01,4.435998742780403181e-01,5.662609597890710944e-01,4.780902338159911391e-01
4.692113178065563939e-01,5.788411912842774676e-01,9.826191656435013799e-01,5.450595453700771698e-01,4.949633304195109051e-01,4.217924575900698358e-01,5.544422917198202905e-01,3.731621839902570792e-01
4.775603487955437099e-01,5.760184086552766480e-01,9.861568323075809994e-01,5.213501317037753102e-01,4.392280515902580729e-01,4.291251534357171105e-01,6.740751925692096691e-01,4.436066458948796365e-01
4.785041812989704324e-01,5.904755687183701474e-01,9.856806886554700942e-01,5.384651892199602274e-01,3.983702819350036228e-01,3.192692899503796200e-01,5.073432670399797839e-01,4.446857465489359451e-01
4.654362464948956779e-01,5.654361094974005297e-01,9.815957137784698805e-01,5.845603283764452263e-01,5.246340506915123658e-01,4.593673588509797900e-01,6.305530787088632350e-01,3.864462573421040270e-01
4.656285058616493888e-01,6.185542795201015576e-01,9.781386610657087921e-01,5.716336956258442070e-01,3.910789237932287832e-01,3.647698891909404995e-01,6.222272613054964374e-01,4.316977724150105611e-01
4.598523944725444457e-01,6.042216176899414259e-01,9.765086336849827520e-01,5.441369725018562198e-01,5.535317173821968639e-01,3.775999832146059720e-01,5.918660489957791038e-01,4.706027453462933718e-01
4.483783567268642689e-01,6.070711479225877616e-01,9.702700973252461614e-01,5.661083247082355774e-01,4.020239487389405397e-01,4.629147489267821935e-01,5.917809887838081373e-01,4.545418641360651213e-01
4.488560521520294500e-01,6.052800910640215859e-01,9.707400738051108480e-01,5.147588732447153648e-01,5.373407215621158750e-01,4.253769037153490307e-01,5.832401546184791119e-01,4.282307040793667530e-01
4.370647506543077765e-01,6.125374797183562592e-01,9.632981516231443608e-01,5.295411378873993158e-01,3.497627375947471862e-01,4.193809680305182752e-01,5.892911332040646766e-01,4.317448954203961242e-01
4.309291047175757838e-01,5.887582377837229375e-01,9.611324348207410662e-01,5.124727479179539413e-01,5.328725102307461103e-01,3.782205767686672160e-01,5.721366357701109795e-01,4.112170617278388396e-01
4.247679949095248264e-01,5.818335374872503074e-01,9.573801250036946264e-01,5.441680020704213749e-01,3.680642771624676457e-01,4.233128913041742103e-01,6.298262352263022112e-01,4.250953710315594214e-01
4.231901239646567170e-01,5.836543832813513299e-01,9.561876766501795633e-01,5.365576334889364807e-01,5.051432371523462139e-01,3.465886107669835514e-01,5.728388855441362004e-01,4.351039635943018125e-01
4.189737888249580045e-01,5.769408355859599880e-01,9.534763601289393264e-01,5.625065500237644844e-01,4.210854078912317222e-01,4.306544860837961397e-01,6.098106311505174792e-01,4.510061150258858897e-01
4.144487459851233790e-01,5.914336001703160983e-01,9.491591193394054438e-01,5.599176613632188548e-01,4.877018514565229501e-01,3.929655915145809364e-01,5.623762670563848820e-01,4.186473308554416461e-01
4.125493501160245047e-01,5.900169511892308094e-01,9.477642373054322444e-01,5.470841057602636726e-01,4.630085510353958989e-01,4.372955106459363028e-01,6.351171727052896676e-01,4.242430616621737927e-01
4.249250943349400234e-01,5.812899140739156145e-01,9.575523933371319352e-01,5.016419208452455036e-01,4.738006841681114412e-01,3.855474745908513690e-01,5.953922231555136557e-01,4.675952984659076384e-01
4.120995553892541907e-01,5.770599020488755837e-01,9.483076161120842507e-01,5.568226611107457424e-01,3.888971204904468904e-01,4.256467270929810698e-01,5.641135539570644175e-01,4.409515298521566873e-01
3.836279469572469458e-01,6.205264327691518700e-01,9.203605593475221447e-01,5.998720401078188047e-01,4.424959566738701500e-01,3.644995386105713830e-01,5.394520087016266841e-01,3.521534606710577942e-01
3.517759632582158624e-01,6.367963944581522817e-01,8.851159628779168287e-01,5.924682216507667354e-01,5.116463432996013472e-01,3.836456558538153261e-01,6.779813541006172173e-01,3.860093616321326193e-01
3.236049721248623334e-01,6.535776095952009479e-01,8.482557169626074867e-01,5.638977221794008177e-01,4.598455920177417222e-01,3.459510877317502064e-01,6.410695233680641092e-01,4.759033570820500603e-01
2.863439986839496632e-01,6.458249895441549038e-01,7.941396682789871875e-01,5.563562727596651492e-01,5.026245090404537486e-01,4.151602893591186949e-01,5.965783045878948476e-01,5.030692926916224827e-01
2.614448451181070610e-01,6.341801917193153892e-01,7.532899192461400828e-01,5.013705310045402097e-01,4.809721268974322950e-01,4.794891690701798548e-01,5.589756200815557685e-01,5.116607033745560473e-01
2.301860877109256076e-01,6.149512392346356826e-01,6.961449202566786232e-01,4.776768337366638084e-01,4.119581516302478486e-01,4.840688343128085047e-01,5.045298257478552095e-01,4.081932489276661746e-01
2.025792792848184476e-01,5.849241766082523553e-01,6.404492701678247135e-01,4.558855194772366559e-01,4.159099362437511105e-01,4.171708300058495911e-01,5.967620718625875620e-01,3.056955468230548312e-01
1.834956018098209962e-01,5.469597769823786315e-01,5.991879752076816334e-01,4.514212587029299839e-01,3.662166675817762895e-01,2.842645141228603012e-01,6.702315594092217443e-01,4.039416337393573198e-01
1.693112466610287858e-01,4.920522204845061420e-01,5.667666871891827718e-01,5.151177431162623499e-01,4.079857937506901067e-01,2.681067899368717034e-01,5.629692908736493306e-01,4.971574282913306386e-01
1.602041306252817432e-01,4.553767612806058351e-01,5.439135952734081014e-01,5.916850185495208247e-01,4.751659175301847782e-01,4.270390055375444249e-01,5.496394017256727160e-01,4.402003771259702658e-01
1.656743530131156439e-01,4.637965483703108127e-01,5.577958142302934519e-01,5.645668544122144361e-01,4.918709532381502214e-01,4.641287679064090010e-01,6.196959719191582616e-01,4.065253179643530390e-01
1.877799404363768576e-01,4.656317314318864642e-01,6.115757390135517779e-01,5.003709768612238928e-01,4.326546477300138305e-01,3.819077890557328048e-01,5.979275488009486716e-01,4.305324958127784707e-01
1.844176692809843254e-01,4.581433161864583714e-01,6.036939520548151306e-01,5.632562858911674963e-01,3.787701355939551151e-01,3.627722109018858276e-01,5.722043332243488267e-01,3.980435498135507233e-01
2.722376949236192112e-01,3.727571492681699961e-01,7.787159585894414260e-01,4.269788639560230803e-01,6.628572777044736686e-01,4.279108018463271823e-01,6.760877687577596662e-01,4.996250634335039353e-01
4.010807864085933483e-01,2.980714173904829289e-01,9.365263813643662782e-01,4.080349991911458862e-01,2.948032790075208465e-01,5.055393275971716838e-01,5.780937730989657020e-01,5.892493059669227096e-01
4.963108765968763381e-01,2.988887839956341774e-01,9.896909724775038164e-01,5.295867676222537623e-01,3.635173090381640937e-01,4.289279172882998759e-01,3.865188222356389369e-01,3.524587805580869371e-01
5.263221076014081845e-01,4.241665559904678751e-01,1.000000000000000000e+00,7.628514896111492360e-01,2.284856805487381626e-01,3.105296175668457725e-01,5.393163357978858485e-01,1.141092630475828290e-01
5.132284652831883287e-01,5.780085083388994960e-01,9.934637892803017678e-01,8.785584939909688584e-01,6.245109219671483025e-01,7.644563699723297412e-02,7.741641918014614543e-01,1.694791605890733632e-01
4.486241304590399270e-01,7.667618137120716382e-01,9.475252975990713367e-01,1.000000000000000000e+00,5.361890137949063551e-01,1.317991903173804658e-01,9.240214872523232481e-01,4.590381377677249519e-01
3.594942308860887836e-01,9.233439760245255590e-01,8.408689381186412737e-01,8.733874480430821041e-01,9.668931359220069854e-01,3.406089569735124556e-01,7.991641352053711067e-01,8.453601128715332313e-01
2.642747342194016746e-01,1.000000000000000000e+00,6.822596911695801847e-01,6.063887179406328709e-01,6.608077794869431365e-01,8.598424991331694578e-01,4.806559763637102689e-01,1.000000000000000000e+00
1.722045818156323904e-01,9.529595600722498006e-01,4.988767658200750077e-01,2.627337771753516238e-01,6.291617007943695050e-01,1.000000000000000000e+00,1.882714021926317483e-01,4.718237673323236736e-01
9.958421506070511131e-02,8.073593502789371268e-01,3.296608433585940245e-01,3.865774508591111186e-02,1.919029292142509502e-01,7.783792080300768745e-01,5.951818703108776587e-01,8.850190200669352802e-02
5.643843515698480917e-02,6.262796024732729672e-01,2.140622534897087814e-01,0.000000000000000000e+00,4.877225084653343673e-02,9.557043008168859127e-03,5.964493265285806256e-01,2.178230978188108180e-01
2.169907479593096225e-02,3.793025642691687516e-01,9.357472824296282632e-02,3.661567291528174950e-01,1.591289516413685601e-01,0.000000000000000000e+00,5.716143814781724508e-01,3.967138694032875113e-01
6.035947500156096067e-03,2.548089849680371666e-01,1.757120601695123449e-02,6.342309232025284960e-01,4.473037785606679417e-01,1.818814614555032960e-01,5.559962990730943355e-01,4.140969765257340729e-01
9.248375214006437223e-03,2.114162092420847627e-01,2.353901000024544860e-02,7.335471750736187735e-01,5.602782782567176101e-01,4.206428446122585929e-01,6.973066723551754054e-01,4.648794115627822854e-01
1.309018027534272592e-02,2.505622291140049973e-01,4.575157210818298764e-02,7.225509330516143303e-01,5.021978545668142058e-01,3.904056533373710947e-01,5.644873944753148187e-01,4.929480967158434424e-01
1.215980175995654000e-02,2.715971294637646860e-01,4.439778462957959942e-02,7.135544083050293640e-01,6.045434144579956426e-01,5.242969498638890835e-01,6.118685672755941329e-01,4.125194167565323089e-01
2.985824663579514024e-02,3.034044472604777165e-01,1.202724784449931278e-01,5.763324413601180751e-01,4.923834405024006267e-01,4.710828724393095746e-01,6.518529304687670223e-01,4.465665983785795934e-01
4.940702449865690127e-02,2.869712764632553759e-01,1.930726634959560317e-01,5.404121171422520131e-01,4.128646027515738837e-01,3.923759712656321730e-01,5.501228450943764781e-01,4.321400106929909612e-01
1.973883797917047947e-02,3.171348939715952775e-01,8.109911967964857082e-02,6.802074184252342448e-01,2.943896841964406819e-01,3.240513498938999981e-01,5.329340053832480884e-01,2.641392798327468205e-01
4.568846464810017577e-02,2.795262325335293174e-01,1.778628717169012108e-01,5.774008252240137029e-01,7.603748779177186279e-01,2.743696175329754516e-01,7.757379576430130097e-01,4.005974683510687973e-01
5.430070748741353676e-02,2.771889190071041842e-01,2.089023654361205073e-01,6.913705665788154597e-01,1.530554330275953057e-01,3.484566109427954528e-01,6.382664966715627664e-01,6.014823848423842545e-01
1.384090097459328983e-01,2.096192618515901052e-01,4.671642906920382976e-01,5.795571404281224526e-01,1.000000000000000000e+00,4.518770816866313766e-01,5.008838465898716175e-01,4.561442171519915489e-01
2.304834444042513919e-01,2.374345079942026260e-01,6.892487791643647776e-01,6.020736026195304680e-01,5.285340781399802852e-03,7.438489252887725556e-01,7.530347568857876928e-01,6.030117704328714634e-01
4.099199772969208677e-01,2.180224807087202399e-01,9.348335546479662472e-01,3.858536418663114920e-01,8.497206745918839399e-01,2.917680757027949490e-01,1.795924643572070489e-01,4.156781070910186560e-01
5.918008272274860593e-01,1.498012478338635045e-01,9.695213254392179847e-01,4.807728978466820902e-01,1.959768239158796443e-01,7.313336101796269473e-01,7.742332823511118844e-01,2.020447127769035289e-01
7.623285545759304060e-01,2.170493925051396600e-01,8.386103920466826400e-01,4.267907239621120397e-01,4.755496434658927907e-01,1.514540465521322932e-01,6.954471557008456983e-01,4.071857729928391456e-01
8.513703334403091016e-01,2.573223053285044748e-01,6.936007432767833381e-01,5.688837242107328551e-01,2.684087399872032709e-01,2.558140187201335958e-01,5.312259013963133158e-01,5.440047075157666834e-01
9.172079685573114594e-01,2.382488784719057895e-01,5.420706592165681625e-01,4.949856052697724218e-01,7.382132253173603331e-01,4.788301545123637148e-01,5.769532839118017842e-01,4.861132537017736621e-01
9.713534580168952104e-01,2.863041721955895125e-01,3.976422319036351793e-01,4.714249828848197654e-01,3.287007738170188431e-01,5.621412920906961874e-01,6.493276079968391956e-01,4.814981562209150745e-01
9.988522608032586181e-01,3.468436141512901694e-01,3.163300812451513844e-01,4.429380705657057216e-01,4.251909156121092548e-01,3.312779164623606554e-01,4.820576232003880301e-01,4.037612075322714045e-01
9.852070348865629157e-01,3.432626452749473200e-01,3.600151257208654698e-01,4.836993031526736209e-01,4.278672812749880205e-01,4.341564982650351068e-01,6.217025896056962431e-01,4.201398241163782354e-01
9.776026648253600682e-01,4.277520122728443730e-01,3.872506770036010515e-01,5.934419276975843038e-01,2.933632018054524448e-01,3.133755272102024536e-01,5.140627656334550988e-01,3.491226114128710423e-01
9.529497269043391006e-01,4.885928269510462219e-01,4.597689405986412070e-01,6.362279228513417761e-01,5.208139854358135867e-01,3.185691160683086220e-01,6.287854591370641844e-01,3.175964466055779534e-01
9.474984557013984565e-01,4.774978408258162554e-01,4.753184082309445113e-01,5.023179022598577292e-01,5.710765161732564987e-01,3.847047561424968287e-01,7.254573497347041044e-01,5.178797937504611149e-01
9.310699571101823668e-01,4.773258056029584528e-01,5.200393065608094334e-01,5.086265406967860336e-01,3.869748634976312718e-01,4.332250720117014064e-01,5.532137332300113286e-01,5.465183237475814693e-01
9.170883200841457583e-01,4.810837828859815257e-01,5.561173754240777978e-01,4.986416140190108037e-01,4.833669929643317209e-01,4.617429455425422491e-01,5.114899991941732615e-01,4.250864732120681055e-01
8.968675933455586557e-01,5.154081286414539109e-01,6.046382903295758338e-01,5.347459259169748957e-01,3.527078359266597185e-01,4.284562164524106653e-01,5.684756269719593025e-01,3.688453135171971264e-01
8.641349179029031990e-01,5.646405016675996036e-01,6.750216444741027333e-01,5.884892334999450858e-01,4.156549921524889668e-01,3.122053216963214251e-01,5.658835675270224019e-01,3.137272223826876316e-01
8.239649236717341285e-01,6.070002705414651034e-01,7.498802387879722753e-01,6.307903413296077622e-01,4.585230308560201418e-01,3.102297858164840272e-01,6.764486410990494525e-01,3.583115415982760510e-01
7.719545844141080249e-01,6.802674335368780190e-01,8.261763232947454405e-01,6.794524938110454437e-01,4.583908897901144974e-01,2.998870358902299138e-01,6.480455943522266393e-01,4.680314391558775267e-01
6.903098847749131739e-01,7.881944366160987814e-01,9.054074496249647774e-01,7.413658853708802177e-01,4.971550702295335356e-01,3.614698129384008585e-01,5.503688745628432244e-01,4.487716814747840233e-01
6.161352529915120613e-01,8.210712631183950672e-01,9.500331397116934529e-01,6.166399043516723744e-01,6.913312813649058475e-01,5.027921260147149018e-01,6.670943413377307118e-01,4.572377296956389725e-01
5.531038821175866538e-01,8.187754072248668580e-01,9.673150217680122065e-01,4.770198730219488148e-01,4.503162584773234833e-01,5.215465413831927854e-01,6.530678937008412843e-01,5.416786306522051175e-01
4.677631652184228161e-01,7.986297702142450827e-01,9.554983053198208287e-01,4.439567155949221133e-01,4.052785964972180910e-01,4.323862702527175306e-01,4.763237429824922486e-01,4.623111851916368309e-01
3.945015918293968138e-01,7.255713981682572200e-01,9.184334505771464263e-01,4.295026919278508437e-01,4.473357115541380380e-01,4.695922681597973769e-01,5.644929321292619928e-01,4.019310713911787292e-01
3.521526856706240771e-01,6.581055833034104019e-01,8.835534893755286889e-01,4.173715313012079098e-01,3.815303405011057913e-01,3.987319233225682380e-01,5.763630886233673811e-01,4.000386202678413716e-01
3.155469131601576493e-01,6.038051701481657041e-01,8.419819347871525528e-01,4.734283982033815064e-01,3.725764331720438083e-01,3.436485195788975266e-01,5.850397448944052448e-01,3.600305060014992176e-01
3.049249767014665657e-01,5.570526680587760682e-01,8.298269253315008198e-01,4.918218405586475273e-01,4.536263683297164784e-01,3.242993267553932468e-01,6.497808582090102147e-01,4.452588922449112752e-01
2.987288559884292427e-01,5.326860677503353347e-01,8.216731864816035902e-01,5.471850553333544864e-01,3.964059732119931123e-01,3.587414760017232918e-01,5.524484333820572912e-01,5.117592103453741936e-01
3.089250839937186521e-01,5.105852288205930956e-01,8.373636338017267366e-01,5.621185316830603629e-01,5.335038195543720940e-01,4.583540749472111986e-01,5.325993070145883523e-01,3.997620296902548165e-01
3.397116199056138264e-01,5.098921819539895539e-01,8.786165071800277060e-01,5.166793709251102928e-01,4.459826053596712137e-01,4.805783963701319994e-01,6.814658765554914011e-01,4.032099482453530559e-01
3.572235338703831364e-01,5.331140905741399427e-01,8.986805264565164153e-01,5.179881860434336627e-01,3.643949887834027068e-01,3.066646767879692703e-01,5.524742015263677253e-01,4.522554357943943670e-01
3.572708620949683334e-01,5.187629159364637310e-01,8.990857125623412660e-01,5.882261873720581180e-01,4.771541650078796604e-01,3.746058549163015505e-01,5.514760139346166490e-01,3.937402427636036428e-01
3.812331630734682175e-01,5.157815294585014199e-01,9.241237054321302935e-01,5.719165778477841577e-01,5.174391481623751288e-01,4.409589103800579113e-01,6.753207654993216291e-01,4.242774598989815238e-01
4.024350093103924997e-01,5.502206235099621479e-01,9.420422133584105406e-01,5.655682983510655903e-01,4.001221295351641283e-01,3.694931004247022366e-01,5.907576288075438997e-01,4.642361927960003132e-01
4.178084447809686242e-01,5.471796327841330632e-01,9.542460014611836572e-01,5.579146344830797632e-01,5.319070425325068685e-01,4.057860792670552885e-01,5.758557752553948861e-01,4.469799804765396956e-01
4.225899917748206502e-01,5.642318085124184979e-01,9.567911036710242678e-01,5.751511896343192154e-01,4.118676129638684791e-01,4.591114076935701172e-01,6.025519121257636446e-01,4.515878548861763653e-01
4.248992261678217197e-01,5.908900854702884287e-01,9.568551252657735429e-01,5.583517454470958707e-01,4.873177687029897620e-01,3.867760270825128521e-01,5.424149884961304569e-01,3.838060646738759574e-01
4.325716169890793106e-01,5.755180648980906533e-01,9.629979450623584736e-01,5.293423705177496830e-01,4.841673012589963188e-01,4.318873135510451489e-01,6.787317873206764052e-01,4.129857601856373184e-01
4.493384163937107489e-01,5.654914044870035239e-01,9.737360667742961384e-01,5.017319228614702808e-01,4.344646543831056640e-01,3.701910761519399129e-01,6.071370108728704196e-01,5.087181880689130020e-01
4.534266195624950813e-01,5.535030235054095860e-01,9.765315431775812849e-01,5.460797116977169630e-01,4.270569182842675615e-01,4.170442773325270247e-01,5.129849802848106544e-01,4.526364737885525957e-01
4.513371407261659307e-01,5.658656428134001271e-01,9.746856600521045522e-01,5.746339224156283843e-01,4.669648283562258251e-01,4.517185069256071106e-01,5.817960053037400936e-01,3.708509410125426786e-01
4.610416766789264820e-01,5.847240956198034301e-01,9.785820167112279089e-01,5.421661307200446034e-01,4.576704258822812399e-01,3.817640671644265682e-01,6.332029105773795408e-01,3.922032875803097007e-01
4.545686615006680475e-01,5.935627837690437003e-01,9.747496137981960240e-01,5.648461410971687968e-01,4.279685141475124688e-01,3.415205782246500399e-01,6.149769642269337089e-01,4.244452951567919685e-01
4.451668345335201282e-01,5.936206448548100312e-01,9.694563333520173076e-01,5.783012121046817722e-01,5.038915913587154183e-01,3.877159468651533158e-01,6.254395019246139498e-01,4.739369154945139440e-01
4.586526126938288428e-01,5.872962523060706319e-01,9.770934488609954727e-01,5.321423942269950524e-01,4.977135845450131324e-01,4.414263907786329932e-01,5.775588545691623388e-01,5.093892406037697773e-01
4.569982720155633671e-01,5.848434959966549718e-01,9.764526985752540744e-01,5.391577228306561054e-01,4.369033194012077459e-01,4.895082473713577298e-01,5.460725159862842570e-01,4.303412687343247112e-01
4.693587758057144455e-01,5.824086205467517985e-01,9.824913247855723286e-01,4.925104395515319533e-01,4.715034126675858306e-01,4.345466891813373200e-01,5.952536233581924296e-01,3.788366440170861105e-01
4.734033295970704325e-01,5.715131444099867952e-01,9.849442976561250118e-01,5.016033046171781695e-01,3.808905584763609409e-01,3.659273868474704483e-01,6.143936797440011643e-01,4.239545229405721760e-01
4.604830136956600817e-01,5.697422738890998151e-01,9.792594277940240843e-01,5.709585251988886778e-01,4.262413155066159809e-01,3.389263989403307753e-01,5.600151262304124966e-01,4.119329617094584783e-01
4.657793692432395938e-01,5.667492563785058168e-01,9.817733543386469863e-01,5.760627554701014397e-01,5.142825064292174675e-01,3.980691271405153442e-01,6.287222080198935359e-01,4.173739041787032922e-01
4.686290331701930545e-01,5.859588891582259151e-01,9.818210017674966483e-01,5.775192536547086863e-01,4.446427138929490708e-01,4.095655147693041953e-01,6.282345729607734519e-01,4.734723976681130542e-01
4.763063362708729875e-01,5.935642623820961417e-01,9.844859741019468258e-01,5.478289656365353810e-01,5.056583134827733472e-01,4.109474586688830477e-01,5.586379523350090137e-01,4.581100451756431324e-01
4.721842296104999948e-01,5.967065802159533527e-01,9.825932579255921562e-01,5.497580740164342838e-01,4.414645056896076003e-01,4.638781271850747068e-01,6.001234541716025106e-01,4.312214835866325369e-01
4.701028975877213911e-01,6.044586226196075884e-01,9.812487446513231681e-01,5.241691427598572650e-01,4.646245192602947438e-01,4.061247711586856712e-01,5.813854123721503564e-01,4.242912805454615577e-01
4.455830901135253708e-01,6.240179954653134464e-01,9.674346573114305237e-01,5.683320560511939679e-01,3.818346921580675346e-01,3.757218572163975590e-01,5.705256606615091153e-01,3.830845645697553148e-01
4.331801512774209328e-01,6.074439280821783971e-01,9.611408836181988269e-01,5.420416652031883054e-01,5.579807409326689172e-01,3.825899949142412826e-01,6.519042698020224291e-01,4.221884417030854486e-01
4.258897846850493996e-01,6.110921052274813636e-01,9.560031898069656364e-01,5.447637241511971151e-01,3.816277346356961586e-01,3.957957219132399174e-01,6.116885666060897231e-01,4.934927811612159210e-01
4.086630641620350168e-01,6.073332617349104234e-01,9.434041970569978508e-01,5.540819019408657065e-01,5.165905857100927534e-01,4.079630375041938817e-01,5.371210308755991480e-01,4.433780560252080782e-01
4.083288885012397729e-01,5.968266408447653326e-01,9.439164337691934303e-01,5.213472889729446891e-01,4.593479522090171963e-01,4.802791659574139893e-01,6.207416349425038948e-01,4.386473722312219103e-01
4.012497630657937409e-01,6.012735899840636611e-01,9.379220134844037382e-01,5.107139120615200589e-01,4.152777996879717382e-01,3.909627625145854490e-01,5.559779756673688400e-01,4.192965045634406418e-01
3.864837752880609378e-01,5.883844468315051479e-01,9.256761082856554967e-01,5.353630484460495387e-01,4.407447526296732754e-01,3.938161735231578420e-01,5.988554269207787550e-01,3.827306425860927397e-01
3.671988643760856763e-01,6.013254473827280844e-01,9.054722934525046840e-01,5.607876084813144812e-01,4.207992582979994123e-01,3.433113518035007528e-01,6.166563557911918236e-01,4.190193126501653986e-01
3.509997166640415056e-01,5.939345561364268722e-01,8.879081775914677843e-01,5.681700012633894570e-01,5.020642688970903267e-01,3.728886967433197031e-01,6.034460093128770630e-01,4.602499683500802519e-01
3.405377546798605271e-01,5.975898781205364330e-01,8.750825579213258321e-01,5.646627743073260319e-01,4.621725262021931790e-01,4.292850195979308614e-01,5.921969270393457885e-01,4.487732314545090362e-01
3.375803918038814966e-01,5.890526654882630719e-01,8.720181322232466448e-01,5.193099605355960824e-01,5.107838159221009811e-01,4.521199136534418961e-01,6.183681953438897594e-01,4.638425524349887308e-01
3.208430345584939447e-01,6.074037260761422363e-01,8.488974088183951494e-01,5.258747786633951593e-01,3.503634740123476865e-01,4.018429075292926367e-01,5.312228047375188167e-01,4.391375801586303029e-01
2.906338746589775535e-01,5.944234895537942043e-01,8.056301626716135811e-01,5.432791709635320654e-01,5.069725012099479677e-01,3.985188979770872275e-01,5.672846336815389190e-01,3.588535433798278329e-01
2.739793557003392110e-01,5.898967576738369800e-01,7.789326442571142817e-01,5.283769312999307965e-01,4.128566165172216085e-01,3.896832437279110217e-01,6.713260531230114125e-01,4.047321501195568771e-01
2.533860049213714771e-01,5.835015974153859863e-01,7.432601992682813519e-01,5.305080347905913873e-01,4.515913579117705745e-01,3.103367732268096923e-01,5.907487556597913470e-01,4.627409044918255887e-01
2.249176887470203112e-01,5.692603453055586904e-01,6.889343353466852449e-01,5.714023220969451922e-01,4.477577815947126338e-01,4.107641931649634315e-01,5.857936662537335248e-01,4.705427367279801931e-01
2.163528864597180912e-01,5.598756656482642979e-01,6.717397460566543188e-01,5.224443003518801643e-01,5.222270561959582169e-01,4.404246915547458396e-01,5.664881243849716475e-01,4.570990631878023014e-01
1.990202330133548358e-01,5.527403648277687820e-01,6.345176772912014540e-01,5.177812929910727835e-01,3.846219602568398677e-01,4.654566515624165568e-01,5.834070501880352921e-01,4.046781263317075217e-01
1.911510600601779852e-01,5.392294820262102384e-01,6.174472608123089401e-01,4.744409243314836599e-01,4.644261019396482837e-01,3.530111629089422998e-01,5.876569204432344762e-01,3.745700708148306801e-01
1.941509027676902865e-01,4.879030999484023634e-01,6.259695274078109772e-01,4.798758291565390355e-01,3.957231486139480281e-01,3.694775358172143198e-01,6.472859654895263271e-01,4.682101315011495402e-01
1.970790510233010329e-01,4.604603966949120109e-01,6.329272744974366871e-01,5.315426171606963957e-01,4.047018481950998559e-01,3.416418302168772181e-01,5.061917839216427684e-01,4.510779338697627483e-01
2.041883907464353831e-01,4.422254497795785610e-01,6.485485448807541964e-01,5.805006757662752870e-01,4.740694749224899640e-01,4.392285914111420109e-01,5.950492722522711109e-01,3.626361897523645017e-01
2.192173419503054277e-01,4.667863201611328061e-01,6.808675647729967029e-01,5.672576777610962573e-01,4.296610034104698106e-01,3.569881138951093158e-01,6.461663029019379945e-01,4.073771574125433226e-01
2.324241588396492864e-01,4.715017862636352031e-01,7.076524477212430275e-01,5.840958514452637695e-01,4.631783169817622059e-01,3.264546790128868281e-01,5.886957710088360773e-01,4.405398586050546239e-01
2.236885376112252577e-01,4.977388531545095529e-01,6.893174204853511622e-01,6.500684934378120339e-01,4.523988081240370440e-01,3.933114763357824506e-01,6.100607108151168134e-01,4.152834766996387206e-01
2.246044670021693779e-01,5.323525095557197773e-01,6.900651337010408337e-01,6.027518742944856234e-01,5.657312990178731127e-01,4.043864654400422531e-01,6.402996968819399948e-01,4.733251098964106340e-01
2.351840513399625354e-01,5.421486175764842486e-01,7.109812139524945840e-01,5.423740637985822177e-01,4.602758731538116321e-01,4.464320020218247587e-01,5.708789977331899523e-01,4.972097916327356537e-01
2.362403665316683832e-01,5.255032593953620212e-01,7.137650608962149423e-01,5.183044456174020764e-01,4.928603554160391198e-01,4.964815797415585985e-01,5.813078284558809150e-01,4.199957478059155314e-01
2.311497691703500168e-01,5.482513264552173471e-01,7.029109749497608473e-01,4.981402533612954708e-01,3.388205974379949748e-01,3.927832030749174863e-01,5.748342236036441122e-01,3.986036775972301993e-01
2.080857053884369590e-01,5.357130955064696165e-01,6.555240102740739205e-01,5.335289495020489881e-01,4.444773281496981476e-01,3.085250051622793199e-01,5.457020283225473278e-01,3.779186445034722341e-01
1.902803455137086763e-01,5.114918159693503386e-01,6.163778631572999211e-01,5.792869309790272814e-01,4.483887585548717580e-01,3.829134152224576426e-01,6.548924313358019944e-01,3.737351903802617059e-01
1.993378479316572915e-01,5.044296390292680732e-01,6.372373814258950331e-01,5.315103870148039089e-01,5.094664139084995602e-01,3.331062376304566586e-01,6.717732202357857840e-01,4.670690572718602107e-01
1.752518023470027442e-01,5.202954488968865032e-01,5.802517121266889122e-01,6.004588277059218493e-01,3.514610298597325433e-01,3.759141446880939208e-01,5.648286027947992949e-01,5.406090552760405288e-01
1.400882597465404888e-01,5.471340067039256461e-01,4.879147289221267836e-01,6.147804392021924969e-01,5.578992638638390344e-01,4.165727585927983534e-01,4.428346190870708909e-01,3.984040753704083393e-01
1.220895254792717516e-01,5.364852246014993886e-01,4.375945705927719587e-01,5.395429628686269075e-01,5.186104213920785799e-01,5.570932472877154762e-01,7.153556716268242299e-01,3.348277692413035300e-01
1.020844533373294755e-01,5.555866824477962984e-01,3.769672915645522204e-01,4.416685132609166065e-01,3.449197361773377879e-01,2.855055705316046910e-01,6.542140199924519894e-01,4.287990567103471817e-01
6.404269550320577931e-02,5.085981408288710037e-01,2.537483100019258253e-01,5.002622897557810200e-01,3.862175604507358528e-01,2.579275483165366367e-01,5.466680365843471501e-01,4.924223156932316936e-01
6.081442827048834376e-02,4.181936074430082639e-01,2.425155159955569295e-01,4.957224169361184041e-01,5.511344632291337309e-01,4.515260998455448149e-01,5.528194865220040777e-01,5.264241404761729193e-01
3.903280326872278494e-02,4.044539013750264034e-01,1.623500646457593788e-01,5.488919604748458969e-01,2.824909595862038492e-01,5.159287710760589452e-01,4.852188601780655919e-01,3.457705848045074526e-01
3.163938729016289864e-02,3.912523756979065515e-01,1.336257698080834944e-01,4.725010444734275006e-01,5.359046381934996495e-01,3.216534465864105408e-01,6.434499538369761185e-01,1.914092908129302606e-01
2.692146982609240971e-02,3.496661528102094629e-01,1.127457918873273623e-01,4.952178458324145716e-01,2.269949249812485692e-01,1.909844188112998775e-01,7.992367199098834307e-01,5.101201582697345582e-01
4.039555989130452079e-02,2.676690733121886989e-01,1.567332634245439948e-01,5.890852288374625045e-01,5.493293196308507431e-01,1.716817729471191434e-01,3.856529396018748002e-01,5.708651061060298071e-01
6.869971770738976524e-02,2.020725874353309637e-01,2.490241527327591575e-01,7.157555308124730065e-01,5.143161895100102354e-01,7.007984047904595171e-01,6.505626813268553521e-01,3.664968094968971135e-01
1.823130788160940430e-01,2.081008813879160757e-01,5.809209798709276118e-01,4.488562244534209933e-01,6.248682993075390657e-01,4.666701439220419245e-01,7.045835895729372078e-01,5.077024485245997809e-01
3.016047241942801382e-01,2.029426968430781408e-01,8.103676401611078495e-01,5.276114024149750614e-01,6.098451436365353445e-02,3.467168226883455828e-01,3.628213136973096331e-01,4.410031661915344570e-01
4.601050546372339456e-01,1.358994454084304915e-01,9.556546814024242664e-01,5.590038332832208967e-01,7.989563648782520566e-01,4.470578463194251895e-01,6.263417056219311441e-01,2.141457938068596911e-01
7.379694009040739244e-01,1.109812945962321690e-01,8.526309676514512992e-01,3.301864328478881783e-01,4.574743189666956589e-01,4.930528801284730922e-01,8.931307216256765269e-01,6.277258893400718964e-01
8.668340411999654327e-01,1.820412599568717871e-01,6.516533152951881069e-01,4.839989615592693584e-01,2.121552607602802676e-01,2.985332665242562689e-01,3.391271165844660374e-01,5.507937823676716249e-01
9.260623856194704073e-01,2.170999802445341964e-01,5.167190883386942879e-01,5.459593597874227155e-01,5.827139072921264651e-01,5.133457982971778577e-01,5.498195444173605839e-01,3.364417221800047875e-01
9.786396986277909882e-01,3.395868045533971813e-01,3.802743729787322891e-01,5.715414883370322219e-01,2.763738312965683952e-01,3.661413834093624198e-01,6.095729702234841119e-01,3.480110483745653127e-01
9.844729658577345832e-01,3.664268438282603513e-01,3.637363576706516000e-01,5.221779452337648175e-01,5.817248353903777813e-01,3.164210160780566161e-01,6.276272695628938303e-01,3.915836807567851241e-01
9.789765255441772451e-01,4.244113796186461673e-01,3.828990763170715406e-01,5.849074546598467261e-01,3.181224331862210208e-01,3.691164589254713468e-01,6.364072332028294365e-01,4.491275144650482831e-01
9.641035913534080626e-01,4.647168082818851076e-01,4.279656493892847191e-01,5.674962641029304145e-01,5.519612703821650257e-01,3.561346887797474103e-01,5.634741760334304184e-01,4.633638710601862831e-01
9.413086070762100022e-01,5.232162792168431054e-01,4.912494069812329278e-01,6.070607631344862032e-01,3.657850809932941538e-01,4.301948958006648893e-01,5.592882716029600187e-01,4.104979273164070519e-01
9.302093938057616196e-01,4.823674944286144295e-01,5.220445671676269273e-01,4.481814408038833908e-01,6.665660612703601107e-01,4.435370382089040553e-01,6.525434837386204778e-01,4.449888874629564506e-01
9.206417650899562100e-01,4.703896465717246622e-01,5.472018121899796528e-01,4.502995173496016634e-01,2.871581527767267383e-01,4.517459097992723716e-01,6.114334546380109092e-01,5.058386758655608606e-01
8.987133118177258462e-01,4.847438203593518735e-01,6.011122768884646916e-01,5.095345601916786427e-01,4.284000321154947111e-01,3.548644033867790482e-01,4.687756737820351627e-01,4.012720199407169841e-01
8.781835402020977677e-01,4.956926456985595308e-01,6.477209947475028873e-01,5.527888717826148213e-01,4.208212001729057516e-01,4.183615194847477570e-01,6.013352916586356400e-01,3.604722958383792530e-01
8.578527992451403517e-01,5.464081624805218196e-01,6.890244380347757547e-01,5.958096584106855609e-01,4.099808534177221131e-01,3.256544668628980621e-01,6.003893711429875157e-01,3.585280673457699741e-01
8.203939684033136892e-01,6.122926027805278837e-01,7.557110618680520364e-01,6.605687568573029855e-01,4.403580191671807587e-01,3.100376341538507163e-01,6.323519416597727094e-01,3.689334769175429685e-01
7.579864288652776727e-01,7.251187647723102980e-01,8.393884091357884936e-01,7.361626526981016605e-01,4.582464345880336021e-01,2.948952520413152811e-01,6.237220025394533129e-01,4.165993301444307351e-01
6.898964913056798709e-01,7.775235608137756049e-01,9.077623288189241579e-01,6.706321749151005207e-01,6.542926706499614387e-01,4.056445193949647643e-01,6.492833010946346128e-01,4.871897352123985558e-01
6.142319842865386903e-01,8.262847726887687649e-01,9.501431060007510254e-01,6.038506460268173726e-01,4.780588499176217088e-01,5.024586112880987665e-01,6.222359503183938489e-01,5.016282919717194311e-01
5.372122947470217014e-01,8.218710576550923852e-01,9.671802646375664558e-01,4.830566688494712935e-01,5.631027327970664631e-01,4.920876828451938856e-01,5.878855871723830395e-01,4.903529428206930274e-01
4.633762587046107995e-01,7.855646883859206397e-01,9.557106709315782433e-01,4.250840331686928653e-01,3.655412490149601568e-01,4.772406335801053778e-01,5.400378539766134134e-01,4.796562439492075280e-01
3.829680017731955100e-01,7.221915444649184002e-01,9.082971196454086016e-01,4.415564609544012642e-01,4.270597245992888702e-01,4.294793219552244801e-01,5.111292697597129564e-01,3.726304277672615739e-01
3.400672141305994267e-01,6.574532225903537697e-01,8.691700799544757050e-01,4.322721762570487791e-01,4.010839278082126147e-01,3.966718723773067778e-01,6.310795955892183340e-01,3.543232796924144501e-01
3.194288001512456954e-01,5.932989578125438257e-01,8.480998232361065536e-01,4.411095764136565012e-01,4.019205785443943912e-01,3.091282383941028611e-01,6.285880294565184823e-01,4.553825753221286132e-01
2.987225430211208344e-01,5.481838610306879467e-01,8.210293691532508653e-01,5.280286905377591378e-01,3.815897021508502518e-01,3.517794973556562232e-01,5.437648364086073993e-01,4.738003500731030604e-01
3.021776338847558807e-01,5.222569438220262539e-01,8.272014048923868046e-01,5.450076901197112855e-01,5.153032773384622622e-01,4.227677625172215903e-01,5.556055403688737737e-01,4.134864041082667030e-01
3.121471735861395813e-01,5.219086554712274451e-01,8.416900074051523184e-01,5.463494247326771136e-01,4.177974733529002394e-01,4.546100936805836934e-01,6.364164631471334044e-01,4.142685340281292983e-01
3.303768036646020922e-01,5.330160556184496690e-01,8.661884628933773644e-01,5.224625503562104756e-01,4.503387272172134081e-01,3.361625930799890805e-01,5.673807762234729379e-01,4.047612263772756291e-01
3.439610940378092785e-01,5.090560475044606514e-01,8.839007309716314653e-01,5.480217603539708771e-01,4.574047162351148055e-01,4.035356848682694064e-01,6.460764214393699412e-01,4.458676605914906887e-01
3.686337932316955945e-01,5.128468432804815791e-01,9.116476585472113037e-01,5.492038850971662223e-01,4.496679020578726038e-01,3.835729924649934341e-01,5.669662734688740713e-01,4.813222249488753324e-01
3.981549073806616157e-01,5.043729377855881157e-01,9.400464953593281603e-01,5.534415057503443425e-01,4.847524014198998366e-01,4.488703040472665773e-01,5.624913703601560622e-01,4.208329286115921608e-01
4.180806557043587057e-01,5.279364741692571528e-01,9.553054111225632861e-01,5.669082105411025196e-01,4.209018440100654734e-01,4.317684390903527847e-01,6.164826609444523653e-01,3.932735708859897983e-01
4.340489274359737859e-01,5.558654192170761066e-01,9.651805621028033411e-01,5.615386779308950693e-01,4.545765080491318555e-01,3.392263381546963830e-01,5.904760688552682657e-01,4.096627963582097354e-01
4.312893920333478182e-01,5.677783605516412146e-01,9.625862586380464769e-01,6.018988269092521159e-01,4.558138384081492633e-01,3.750764487988136331e-01,6.132163716057958958e-01,4.218258293824378447e-01
4.449899832777242659e-01,5.689081907341868583e-01,9.709145864607596765e-01,5.667421033572095368e-01,5.466494006452917720e-01,4.180720437924790867e-01,6.425295083781863426e-01,4.699205941099566797e-01
4.665232492307945789e-01,5.744701070603468462e-01,9.816627539979077000e-01,5.304326732263268118e-01,4.391944768691203871e-01,4.410393823756873499e-01,5.861420884612881244e-01,4.997775517884041063e-01
4.709633123730728732e-01,5.722183110503660242e-01,9.837307380653658173e-01,5.322589967214137463e-01,4.670633563008744216e-01,4.555801829239616296e-01,5.410683254000021591e-01,4.416114410004792767e-01
4.688591574833147479e-01,5.898882148583700635e-01,9.817696026605373660e-01,5.431754958392187582e-01,4.052016837844655828e-01,4.296727737995313379e-01,5.650915043874639165e-01,3.721130100463412305e-01
4.553055738472169822e-01,6.031495414926684173e-01,9.744362759503636395e-01,5.561537919315320266e-01,4.544697922839985305e-01,3.534855098265546336e-01,6.153116536219898070e-01,3.580128697379179048e-01
4.520774993315647139e-01,5.927525523393781803e-01,9.734563255778639901e-01,5.484186908271747596e-01,4.763922085301066089e-01,3.523666889015158454e-01,6.687078098117249514e-01,4.455109298342845858e-01
4.503816646745781305e-01,5.893418006380022334e-01,9.727239951178856536e-01,5.586028636970077343e-01,4.572070295936480067e-01,3.765586900009452731e-01,5.937380918200764190e-01,5.107419531310445349e-01
4.406679863101867767e-01,5.959814893105430667e-01,9.665744048439547376e-01,5.773075599188430829e-01,4.803239483863860904e-01,4.600260682301877679e-01,5.457545942882732204e-01,4.703490213309064472e-01
4.537663565754830319e-01,5.924197768959706956e-01,9.742786304596694480e-01,5.098516683879610323e-01,5.122658809720145312e-01,4.823607682801081542e-01,5.781579127928279105e-01,4.190333371874738200e-01
4.474624026335917160e-01,5.970794159285408575e-01,9.706695126377481442e-01,5.159333439955600120e-01,3.689912090975178693e-01,4.295853535109060983e-01,6.017201946918637745e-01,3.905316815434450306e-01
4.429133244406792125e-01,5.919133926441039195e-01,9.684990566941555912e-01,5.128655563594307631e-01,4.611798044028924126e-01,3.293461428467798213e-01,5.917524479225771961e-01,3.940330812304879693e-01
4.312528280155136229e-01,5.782908935585407972e-01,9.620234748645252187e-01,5.594171515598461708e-01,4.165679034502215439e-01,3.683068168865027414e-01,6.239530532370437532e-01,4.546570390222033908e-01
4.327362445471543140e-01,5.707982219442379046e-01,9.633734789599402992e-01,5.628501505124776649e-01,5.137042592141045638e-01,3.973583103454257359e-01,5.745839543595849808e-01,4.611662202106330266e-01
4.428845051303588742e-01,5.737976633073565980e-01,9.694716408185770629e-01,5.522622204488354392e-01,4.547402609182574773e-01,4.593627042442017805e-01,6.027270143871221730e-01,4.345332760578020093e-01
4.446790982696839367e-01,5.889164076717123830e-01,9.696194483088732552e-01,5.379039742015624403e-01,4.554812777372863053e-01,4.120238037941358344e-01,5.924059713002748362e-01,4.365664166704469884e-01
4.440033648908847108e-01,5.910931822676783742e-01,9.691155886488613813e-01,5.349273569397059447e-01,4.374995841931528240e-01,3.948955991055753678e-01,5.679902558169808158e-01,4.249430406791945836e-01
4.375856126318805051e-01,5.824636625679476820e-01,9.657969400671911897e-01,5.481740431078738762e-01,4.685533966166900988e-01,4.093425716576875595e-01,6.045465134810530383e-01,4.045156310801113486e-01
4.395295920856358562e-01,5.837935081909041424e-01,9.669172387813756986e-01,5.397784448197127105e-01,4.500506337057854078e-01,3.955477661504878673e-01,6.281630063780143658e-01,4.392722079075123132e-01
4.318669041729523705e-01,5.972150212071987152e-01,9.611439049187109340e-01,5.596445521563955250e-01,4.284678345479865369e-01,3.653066166442189844e-01,5.643999768370600023e-01,4.464284472706717133e-01
4.082351246186899929e-01,6.071060321189657438e-01,9.430173030254122013e-01,5.940078708938253405e-01,4.812461207255089302e-01,4.199391163097920820e-01,5.894383432489823660e-01,4.173243161932810308e-01
4.038445926986133361e-01,6.195708907028961709e-01,9.385025141508375190e-01,5.465712749226384615e-01,4.980254136749527327e-01,4.134694682820049816e-01,6.170873125948347360e-01,4.253497163549659899e-01
4.006236601057413527e-01,6.029333477288564280e-01,9.371580367915969267e-01,5.124599898974228074e-01,4.669001989825689591e-01,4.243555129850155039e-01,6.294478710701935098e-01,4.682187456759367983e-01
4.035802976116542595e-01,5.837035583862967281e-01,9.410545646570968037e-01,4.948274000006097628e-01,4.378984820715373094e-01,4.162719021083315374e-01,5.650177839491470344e-01,4.794520109392392815e-01
3.880017067716238777e-01,5.828462826552673892e-01,9.274274265129531791e-01,5.416696266114630065e-01,3.962592886512243395e-01,4.222396444216574563e-01,5.281158059222902379e-01,4.103021563155244689e-01
3.936658732690675455e-01,5.627466166453648500e-01,9.338005397189292900e-01,5.137445658066647214e-01,5.157655722119007802e-01,4.182630725939732175e-01,6.067488669921690114e-01,3.779163316921530513e-01
4.003640251665327998e-01,5.592086860959211148e-01,9.399076293669487159e-01,5.266528583281404607e-01,3.693793821706500835e-01,3.762787938168907220e-01,6.367362692506025601e-01,4.137844248332399610e-01
4.023482308780877981e-01,5.538114857692586490e-01,9.418254369823517713e-01,5.505926593852514817e-01,4.815365229982561668e-01,3.327007751761913434e-01,5.942305100729469158e-01,4.456249297972468271e-01
4.105147869440609609e-01,5.522403617008929677e-01,9.484146952170534606e-01,5.717945573560947459e-01,4.493130548651727563e-01,4.100950759049220018e-01,5.922766231700741235e-01,4.794085568221755356e-01
4.191189829768495190e-01,5.578071745997490449e-01,9.546280706708241137e-01,5.691775452793924606e-01,5.041091922123874802e-01,4.475317256000990729e-01,5.608911811618041421e-01,4.377992377412491809e-01
4.354581045922101823e-01,5.694322865484192642e-01,9.652374539335434322e-01,5.384958165463905599e-01,4.534792554751881366e-01,4.550054691130302476e-01,6.136218703381017825e-01,3.948678201210394367e-01
4.300543428838509152e-01,5.960793729098120552e-01,9.600785180426663068e-01,5.478255646449995409e-01,4.059596068587538742e-01,3.560331785992716380e-01,6.039973895851860064e-01,4.148764355659330660e-01
3.919893952733774500e-01,6.275742404889784742e-01,9.274845002614884315e-01,6.167431183112938031e-01,4.236529740206043670e-01,3.341929460089488324e-01,5.659058851535940793e-01,4.097284329024843963e-01
3.426085223006012370e-01,6.659862649266532486e-01,8.710350477128577795e-01,6.460492442778682509e-01,5.188448679327739566e-01,3.703480962273437149e-01,6.112390615994668375e-01,3.807310373366292744e-01
2.963057136741795161e-01,6.925862103447174567e-01,8.041928167193677091e-01,5.960140957854145327e-01,5.374268922006730786e-01,4.165078366953454125e-01,7.043824138046653749e-01,4.633399887813667850e-01
2.530203878722374622e-01,7.072685051220533037e-01,7.295155650137266079e-01,5.177443581974172648e-01,4.715631064452560084e-01,3.939895449447539111e-01,5.856256422271116646e-01,5.426205379755916214e-01
2.156214376702057511e-01,6.494488137359055724e-01,6.625215490606262136e-01,4.581102662720713536e-01,5.164452063943745230e-01,5.129371635918483774e-01,5.460868762472135263e-01,5.189837584938464810e-01
1.900475484481307098e-01,6.048088342804218698e-01,6.102095459882239670e-01,4.070580047137256630e-01,3.686173016347062958e-01,5.181764072946480892e-01,5.131894704931472262e-01,4.275669940180049089e-01
1.754700148204033083e-01,5.410543141814423418e-01,5.800051738198559459e-01,3.817763207869477871e-01,3.836753496614044856e-01,4.015053379936203704e-01,5.393729434496616904e-01,3.178228484305534174e-01
1.613470294868787624e-01,4.799675143656195742e-01,5.469677715252666550e-01,4.441329304336898431e-01,2.941651102985881616e-01,2.924728475749607814e-01,6.336172645204815046e-01,3.364851465402470820e-01
1.491775749197475909e-01,4.377239449284497375e-01,5.153611564557122326e-01,5.438415346012128726e-01,3.959255158613275705e-01,1.949615660536987427e-01,5.930014949951750713e-01,4.074626902874043943e-01
1.567661223083572086e-01,3.974614859968567115e-01,5.340189190664307306e-01,6.251013061988015540e-01,5.045899443167973786e-01,3.411842919618157666e-01,6.325512211699870768e-01,4.682046786098666424e-01
1.806116532073532011e-01,4.056131154422375484e-01,5.934806981615029509e-01,6.326764845320705932e-01,5.180741285951627750e-01,4.444636961961414556e-01,6.129367651881477697e-01,5.015648041904853249e-01
2.027139925276850718e-01,4.492903342199275896e-01,6.451509441503242570e-01,6.102055385924244346e-01,4.717954270579994280e-01,4.729536467295790692e-01,5.498441248506695800e-01,4.488989121217069056e-01
2.293000841629690423e-01,4.720170720572974266e-01,7.013382266940296761e-01,5.477093284942810003e-01,5.086927394888688392e-01,4.571915897379243421e-01,5.847635134010952251e-01,3.932234120993929327e-01
2.377633391622502035e-01,4.893015042477418808e-01,7.179340409530896583e-01,5.532861900280909850e-01,3.739906072353597066e-01,4.019755188491907494e-01,6.181740352403310990e-01,3.847269295599369809e-01
2.314939012239655702e-01,5.145419666177871720e-01,7.049652077509501735e-01,5.831983033599293931e-01,4.437275656599194984e-01,2.821414195139294590e-01,5.840976839625107164e-01,3.588953177480669887e-01
2.223101113034355591e-01,5.140245939540351028e-01,6.861032351363369752e-01,6.119686652418108164e-01,4.993665609677786499e-01,3.531252272469367903e-01,6.955816847176575779e-01,4.631356651000940738e-01
2.126844673159456467e-01,5.415325442401601741e-01,6.647678269534792461e-01,6.128723006259410022e-01,4.759631394165554363e-01,3.727954816863498499e-01,5.608616577611281739e-01,5.296524136465844412e-01
1.863777102262276497e-01,5.660990129738289189e-01,6.043633221365506403e-01,6.164882832366560539e-01,5.212003503017099693e-01,4.970495991727971186e-01,5.480803147697592692e-01,4.108304797568309574e-01
1.816866211433611489e-01,5.753917966906996195e-01,5.928444548991868013e-01,4.841698700828441226e-01,5.311206126753130752e-01,4.910417793862779656e-01,6.744404523034701615e-01,4.365699152624300527e-01
1.511061975901631382e-01,5.807089372200172628e-01,5.158865078083104683e-01,4.703568126233361180e-01,2.783236294534456312e-01,3.520760986704888351e-01,5.232419390836768880e-01,4.572368840064484075e-01
1.070295369298899374e-01,5.372829522643056688e-01,3.931512680326579301e-01,5.205284010285780028e-01,4.891334250582531906e-01,3.555587848404697104e-01,5.287929515157965277e-01,3.276263171659239415e-01
9.441990259489908832e-02,4.896111393215337726e-01,3.554585755505026978e-01,4.805164371635830545e-01,4.386436814055945654e-01,3.964961544466462651e-01,7.279549166958635409e-01,4.299808149728621132e-01
9.101198214592019775e-02,4.484008565520219425e-01,3.450480919062970386e-01,4.715905220165676481e-01,3.810660934446525316e-01,2.901382412803572008e-01,5.323037437375673919e-01,5.145518441090914941e-01
8.858925630755457026e-02,3.882718072800003251e-01,3.357619996774629523e-01,5.432171706678754486e-01,4.473835320432758555e-01,4.415323017426674990e-01,5.335711598765292552e-01,4.037837232331613624e-01
8.140078711531807676e-02,3.923396639665353569e-01,3.124371245969010946e-01,5.572581474410157609e-01,3.967858241326825408e-01,4.049337401894130273e-01,6.054174868635260331e-01,3.834275865227190216e-01
6.899280058677444150e-02,4.002476453361470399e-01,2.708430265267944281e-01,5.821868361559850991e-01,4.067530676926636168e-01,2.816580187553497927e-01,5.390898814787571380e-01,3.413173901475613503e-01
4.698099643757317617e-02,3.920982018705562733e-01,1.914939906934886305e-01,6.517584367435196313e-01,4.846502485667150695e-01,3.156500379386814048e-01,7.037785943659305987e-01,2.994317774686617306e-01
5.672543380011154518e-02,3.780614194440130582e-01,2.261360852560025392e-01,5.726052313259918369e-01,5.758478809816711674e-01,3.008283867370151743e-01,8.149967557820732011e-01,6.003208569304036013e-01
6.692672252762743579e-02,3.722342902243910290e-01,2.616413119444914726e-01,5.863449639190750906e-01,3.658742755016070602e-01,3.732875352028448002e-01,3.808907590506229179e-01,7.163206354762314820e-01
8.349614363551836893e-02,3.157479832113233575e-01,3.130546104570188781e-01,5.985920628886345352e-01,6.975779423924567402e-01,7.684129620671250605e-01,4.270701872704277258e-01,3.497457983463298503e-01
1.753404770721115058e-01,3.150501435961721164e-01,5.754016981388246910e-01,3.324871937913854159e-01,3.289280987722332239e-01,6.381942580610755478e-01,7.283597596346992331e-01,2.430335407349925592e-01
3.313743358167197117e-01,2.120726203351222527e-01,8.526230109728768491e-01,2.267436326117404644e-01,3.141266519506503707e-01,1.506674932434879377e-01,6.084951905337556699e-01,3.923303557402779695e-01
4.379432323465820565e-01,1.377953295240356424e-01,9.442717261329662826e-01,5.664042204189344565e-01,1.535600187964550889e-01,2.326858894664274868e-01,5.543035074629573122e-01,4.233450069456936027e-01
6.355636370206101393e-01,1.221546906708925462e-01,9.464695095355735166e-01,5.696825893108435901e-01,7.216508673489289150e-01,3.293262416642503965e-01,5.851339941613640239e-01,4.712751002437019499e-01
8.056028867566440432e-01,1.755157394452721287e-01,7.666080759648616905e-01,5.794881698826156446e-01,3.846748753899346673e-01,5.392282216297572539e-01,6.470950278013443135e-01,5.102647115590942528e-01
9.267534567316538796e-01,2.362449170130288822e-01,5.175909816826076426e-01,4.528953134304902761e-01,5.854423615427455374e-01,4.373042055896155800e-01,5.665959530972806135e-01,4.443163896183711659e-01
9.620596851846923148e-01,3.348129203329803238e-01,4.297029829388223643e-01,5.752898681141892512e-01,2.034236395586489499e-01,4.128767172867521817e-01,5.687324802220525832e-01,4.030350513975314852e-01
9.798642247800887217e-01,3.537257835895937785e-01,3.773075683509801714e-01,4.757205886306448694e-01,6.454794614589660640e-01,3.402472736390781405e-01,5.685613492332698415e-01,4.148983989497829761e-01
9.778537099619625250e-01,3.703000952388929568e-01,3.844928058207345845e-01,5.144447518331098923e-01,3.239417128840804128e-01,4.552561401110977179e-01,6.393976709749343845e-01,4.463651764261729049e-01
9.643948944203728502e-01,4.690040443349831056e-01,4.270789622082968306e-01,6.234202929407514082e-01,3.640415803424558172e-01,2.990781897707281978e-01,5.043652940270588747e-01,3.440385902966830445e-01
9.432666580690167724e-01,5.159815615797432864e-01,4.861671603681779197e-01,6.034814444244299692e-01,5.356795579438619059e-01,3.444672890161626366e-01,6.432501400982886253e-01,3.771119137450573144e-01
9.265773412668626419e-01,4.996321159336303830e-01,5.313431919088563715e-01,5.131640553488726608e-01,5.341470694661674123e-01,4.127774566118455613e-01,6.713441465596012847e-01,5.104921647037651278e-01
9.034679728628534079e-01,5.269718003249349580e-01,5.884113954295175919e-01,5.515025009060037231e-01,3.613485606275975148e-01,4.298683205379438266e-01,5.458383937046895618e-01,4.624662905795534074e-01
8.866101460564725922e-01,5.342588254307611972e-01,6.275544562870293275e-01,5.051415957553834213e-01,5.263293105750797007e-01,4.129508345050928453e-01,5.659607670317248207e-01,4.194245922482918165e-01
8.499164079351396728e-01,5.728231409153377029e-01,7.034678199710976410e-01,5.773430410273732161e-01,3.129363081194869167e-01,4.084282053744869856e-01,5.673774490385631308e-01,4.057384985239158026e-01
8.184497027051718110e-01,5.931738343261250268e-01,7.609240998709909665e-01,5.684996909006928556e-01,5.398994401331804749e-01,3.439085248652674065e-01,5.685100698984005829e-01,3.337939950417423973e-01
7.626156893586526486e-01,6.687158404592137284e-01,8.407252416678028251e-01,6.690959384375220198e-01,3.203535532950133602e-01,3.516351405829462040e-01,6.814643731763946333e-01,3.672331569120262373e-01
7.101361614139115597e-01,7.208841228271462009e-01,8.972326836362752855e-01,6.278864992483531582e-01,6.199390721807099824e-01,2.722252322006790681e-01,6.139405286590047250e-01,4.675614892386362187e-01
6.253769666119102233e-01,7.786842296767945149e-01,9.532144786931184832e-01,6.870705109085883944e-01,4.001204699746236937e-01,4.478194755547447170e-01,6.028580098106881557e-01,4.802073846259060641e-01
5.678382179835366195e-01,7.788915066551319599e-01,9.725031360592549801e-01,5.396708519223673006e-01,7.201664261441185211e-01,4.826269445826436022e-01,6.216659087776702508e-01,4.687710439550277219e-01
5.108307309811231933e-01,7.794075311692142405e-01,9.720690539969339961e-01,4.719577503506169336e-01,3.093706853408875190e-01,5.158863147759792378e-01,6.140216870789274584e-01,5.128937365727600506e-01
4.461975684505421480e-01,7.293265553793417677e-01,9.556289341467019138e-01,4.277485576360904318e-01,5.201237602666803905e-01,4.033897759372420677e-01,4.793331857095421422e-01,4.318293352494583237e-01
3.928842002326611293e-01,6.700585401876609781e-01,9.240649945431781420e-01,4.588239544145397142e-01,3.284629651951782026e-01,4.761018111189684876e-01,5.995037319623246486e-01,3.830422614200224007e-01
3.685211400523874525e-01,6.199478069034330963e-01,9.053956822749267275e-01,4.374307197050160134e-01,4.712324744847044000e-01,3.251932700582172431e-01,5.777857351952238041e-01,3.860267445176239764e-01
3.634195950858561397e-01,5.519016574849939794e-01,9.045808376102585369e-01,4.782311248151517313e-01,3.751588211171410503e-01,3.872666238296814667e-01,6.444712952285726049e-01,4.500529431734495711e-01
3.703031261840052379e-01,5.284886451575130373e-01,9.129530267681522648e-01,5.169078624612571948e-01,4.372109540775699354e-01,3.362486471640880326e-01,5.381540266565801867e-01,4.613152575547308509e-01
3.750786041509299729e-01,5.154906694719008087e-01,9.181104273147705497e-01,5.782813459376024978e-01,4.406797098175104788e-01,4.452217964031692787e-01,5.798901204022994804e-01,4.237893101923911887e-01
3.916073179077563804e-01,5.454273507276679034e-01,9.328376811497443022e-01,5.714576321078089771e-01,4.659424225206251213e-01,3.834608139407301164e-01,5.716062363498040089e-01,3.726299799748050701e-01
4.110420701531698473e-01,5.367089865403097404e-01,9.495505579534375684e-01,5.504750600455379228e-01,5.017188250858097831e-01,4.137272393525630587e-01,6.869247948335744924e-01,4.229618924887778575e-01
4.162736812551701693e-01,5.761380236497397611e-01,9.515860154478065214e-01,5.785357111272924069e-01,3.663053088139572866e-01,3.294898420674837181e-01,5.718251621797375561e-01,4.710794994431387051e-01
4.110129301777341038e-01,5.716401228614697017e-01,9.476078065085054014e-01,5.907375973359211274e-01,5.723920934130701799e-01,4.177882738788321615e-01,5.758049798671110997e-01,4.512397390192425806e-01
4.322147912824106375e-01,5.728432817501377672e-01,9.628457945413037011e-01,5.353113460656315770e-01,4.670226260179274891e-01,4.902826522942159704e-01,6.194972178552682340e-01,4.633858309559126809e-01
4.391140320087957294e-01,5.799560076415893883e-01,9.669266316055439292e-01,5.183533361801925254e-01,4.385101886853660647e-01,4.285212338844938684e-01,5.665176048523519192e-01,4.174132598953083639e-01
4.493442679358692904e-01,5.706093751956090587e-01,9.734864781263263822e-01,5.023724320246185648e-01,4.411271631731164544e-01,3.991626307557048503e-01,6.024995009708625782e-01,4.150817431268339908e-01
4.478136966673680885e-01,5.634627405983271276e-01,9.730509275648742129e-01,5.370007351956227470e-01,4.089858423268330490e-01,3.703272964950382606e-01,5.778648776621141403e-01,4.418453994504378257e-01
4.400370648517973327e-01,5.689170314362367309e-01,9.681014601738453518e-01,5.865537004708960556e-01,4.553416834403655744e-01,3.895877466911824016e-01,5.669982913618037967e-01,3.868917594522258696e-01
4.525508651041999508e-01,5.735664659648358477e-01,9.749140871181191104e-01,5.555006061328227052e-01,5.140344140751386126e-01,3.999362010944028656e-01,6.611202408828804611e-01,4.114207617548653606e-01
4.529519222986798099e-01,5.887365434464256753e-01,9.741506104155875923e-01,5.617639654511825675e-01,4.151878895466489250e-01,3.839172417565725470e-01,6.218377440193154637e-01,5.005151447947211452e-01
4.517973062915113802e-01,5.942802227994247177e-01,9.731285963937418293e-01,5.606989334297483030e-01,5.008322582345495766e-01,4.028350372458785467e-01,5.175918181897646297e-01,4.520440302302179969e-01
4.582351838219164697e-01,5.761559943853659105e-01,9.775657179805805619e-01,5.321088690258427567e-01,5.011844025346587905e-01,5.063434136394018292e-01,6.349986353511092307e-01,4.270947925923819777e-01
4.678938399546679894e-01,5.911351690643027457e-01,9.813175052595851655e-01,5.035406002006871384e-01,3.915887655993101069e-01,3.997989267130985791e-01,5.769256289217750133e-01,4.333401679961244035e-01
4.459286755154820425e-01,6.024513513730135328e-01,9.694164907360106609e-01,5.629061954937965018e-01,4.060173354226876419e-01,3.532232223394576875e-01,5.487334720679709621e-01,3.716270427732365489e-01
4.306738485070532030e-01,5.980995329118901083e-01,9.602042744417954578e-01,5.704363038086309734e-01,5.121939213020024750e-01,3.800252894534332238e-01,6.545221777919181250e-01,4.113649328713629427e-01
4.263824950020486115e-01,6.059502907755904832e-01,9.567431188565531652e-01,5.611350307899992673e-01,4.422298524399342901e-01,3.768943527265082860e-01,6.129862646851739205e-01,4.752221506860828115e-01
4.173720388240541590e-01,6.019871161768000078e-01,9.505165921221374603e-01,5.590188925476040627e-01,5.060228312751723356e-01,4.254748171541452573e-01,5.849557976404751169e-01,4.559792800497314280e-01
4.315254031809426238e-01,5.847756525286454954e-01,9.616498699928694993e-01,4.960712688649331903e-01,4.912819019347100524e-01,4.715239290659517524e-01,6.148027545642789082e-01,4.921050797891078354e-01
4.187762553905204910e-01,5.986673162178752783e-01,9.519123808620808536e-01,5.314567596918435832e-01,3.455121450954861118e-01,4.211585377002604047e-01,4.986528112489717612e-01,4.253266011157789128e-01
4.212047862271470211e-01,5.691218657892240795e-01,9.556136170951406994e-01,5.056912647137057348e-01,5.468170633940554470e-01,4.244947589978481650e-01,5.975401681017198374e-01,3.413384119018643692e-01
4.283077916927616191e-01,5.651552637931706036e-01,9.608959261936549368e-01,5.143699913605028762e-01,3.415322456999256850e-01,3.744472717828175035e-01,6.767165402755589421e-01,4.303871361709104004e-01
4.324646628826244732e-01,5.524502110028676194e-01,9.643317617531780295e-01,5.399669153134470934e-01,4.861524592413094537e-01,3.065689831701801649e-01,5.507191226812709894e-01,4.666785098728384873e-01
4.260511672385868809e-01,5.602107574310734028e-01,9.593878118599435956e-01,6.131500398468209267e-01,4.178279676692169264e-01,4.343616253790571480e-01,5.821221057617347316e-01,4.292787711789031180e-01
3.932507268200097217e-01,6.316976998727483750e-01,9.280222856166032708e-01,6.565078545910796315e-01,4.783788348135362134e-01,3.885993907469154074e-01,5.776083778919529621e-01,3.747499124661900494e-01
4.371481510764762546e-01,5.862994149718825376e-01,9.649440969008057367e-01,4.615044521491440399e-01,6.761799793876202003e-01,4.429346609103807508e-01,7.051903630142112300e-01,4.760935917069692436e-01
4.303803156208568792e-01,5.850594737524610345e-01,9.608553500839667194e-01,5.227089717867677843e-01,2.249872677376033026e-01,4.514824367352797685e-01,5.934103236286136784e-01,5.348493405334125983e-01
4.197409677332264444e-01,5.909050402283572145e-01,9.531048637090235864e-01,5.286407005658220193e-01,5.572976818182271419e-01,3.755232411040220764e-01,4.463080555498739055e-01,4.050049241863611926e-01
4.082043385338410824e-01,5.930892169662584923e-01,9.441208597091418353e-01,5.545837612135890993e-01,3.634374220042010939e-01,4.679601436658296088e-01,6.125663371775184052e-01,3.638467593901040242e-01
3.947214889128917714e-01,5.874057446961395978e-01,9.332107354037767477e-01,5.431687759290324546e-01,5.281946863902617917e-01,3.603397615684283961e-01,6.346029615786791256e-01,3.629874867910310443e-01
4.051629773186295469e-01,5.901003586298246839e-01,9.420086573504803384e-01,5.264009551420750777e-01,3.847751049533189582e-01,3.294845082327345076e-01,6.681355422275473410e-01,4.292141182001227295e-01
3.955843440886563922e-01,5.671910202485754837e-01,9.350769455926448703e-01,5.520554103936463619e-01,5.193698060277147643e-01,3.583418538673616149e-01,6.177500740242624078e-01,5.724181017948131167e-01
3.982873627275599349e-01,5.713936205596034101e-01,9.370859101229418453e-01,5.745170547377065340e-01,4.220934511534933375e-01,4.868448752036454996e-01,4.539350539304582988e-01,5.013214412744277926e-01
3.850180577747717159e-01,5.965950069244411180e-01,9.233785143845729682e-01,5.777451379322029457e-01,5.109983036106395815e-01,5.130322186075831903e-01,5.463739135987714102e-01,2.590942770255753591e-01
3.754100236554367975e-01,6.255404866911961070e-01,9.118445715926861705e-01,5.118999603090013117e-01,4.182712630733269044e-01,3.834129939805454024e-01,7.811288334443018400e-01,3.663124555804179172e-01
3.676042458925876666e-01,6.232155874924577565e-01,9.041303900187825926e-01,4.927530998816530006e-01,3.954718804253685716e-01,1.750600897911173681e-01,5.404291110430062828e-01,5.197950865430360778e-01
3.609421611555607146e-01,5.183994858599696443e-01,9.028375393979303221e-01,5.527929499609938180e-01,5.906732913544608943e-01,5.150283152853761814e-01,6.248447630049885904e-01,5.270103599625328705e-01
3.787204042535075033e-01,5.634284032708598566e-01,9.196089864579634066e-01,5.405393314937462224e-01,3.320486694131886130e-01,4.914950458667810551e-01,5.093095527027630132e-01,4.588157616113399118e-01
3.594595566041617896e-01,5.936752284522405221e-01,8.975709848012666248e-01,5.564594833401814711e-01,4.803343638133297788e-01,4.025627961597638693e-01,5.132825695643107311e-01,3.036512444951885992e-01
3.351735363936456102e-01,6.097961717757852673e-01,8.674994064569659935e-01,5.642488666846914303e-01,4.067086777299135369e-01,3.592319813566443587e-01,6.921575146107349363e-01,3.265603186898639043e-01
3.096764846159990037e-01,6.134820272807789410e-01,8.327271762943879718e-01,5.660371531081656027e-01,4.840424025698025767e-01,2.525568326298852639e-01,6.652036819133900769e-01,4.435977883422300705e-01
2.758453255294587292e-01,6.115148940072668848e-01,7.800696037830060492e-01,6.078271067224100266e-01,4.653264511171782414e-01,3.709131350669084282e-01,6.314812249258747734e-01,5.423278952140101472e-01
2.665062561255740481e-01,6.024212238301518418e-01,7.647778865112117019e-01,5.382920398582735633e-01,5.886446254501042086e-01,4.838886707984196844e-01,5.347931825442547860e-01,5.658971586501541085e-01
2.327031526606677669e-01,6.165187440939482455e-01,7.007919676814923227e-01,5.360597508366087283e-01,3.622169801583061122e-01,5.835800418886337715e-01,4.948082181702797566e-01,4.056829230926319863e-01
2.182928966637544266e-01,6.059771842128961472e-01,6.725107671910860452e-01,4.196680867902310430e-01,5.232440755332979920e-01,4.224256562956621996e-01,5.922223786567420989e-01,2.684620521856970199e-01
1.969224312261517729e-01,5.606832342580939654e-01,6.293719479088234481e-01,4.283164323805454532e-01,2.535655816297757159e-01,3.043371969305480595e-01,7.168818589600289837e-01,4.220329626054284966e-01
1.802383699281910612e-01,4.997138559248526235e-01,5.932291912448632853e-01,4.967822426451281026e-01,4.491216608146604838e-01,1.998694582822707067e-01,4.970934593736215934e-01,4.873664987958271078e-01
1.714203616696157173e-01,4.464462193603087603e-01,5.720030781526393993e-01,6.041015337231353532e-01,4.478699148063727820e-01,4.744602956951262107e-01,5.983989989855067471e-01,4.337555907611653216e-01
